# unix_time, cycles_done, cur_path, paths_total, pending_total, pending_favs, map_size, unique_crashes, unique_hangs, max_depth, execs_per_sec
1591125695, 0, 0, 1, 1, 1, 0.22%, 0, 0, 1, 50.63
1591125700, 0, 0, 27, 27, 1, 0.36%, 0, 0, 2, 53.53
1591125705, 0, 0, 53, 53, 1, 0.39%, 0, 0, 2, 54.13
1591125710, 0, 0, 71, 71, 1, 0.42%, 0, 0, 2, 53.78
1591125715, 0, 0, 85, 85, 1, 0.43%, 0, 0, 2, 50.60
1591125721, 0, 0, 91, 91, 1, 0.44%, 1, 0, 2, 50.04
1591125726, 0, 0, 96, 96, 1, 0.44%, 1, 0, 2, 49.91
1591125731, 0, 0, 103, 103, 1, 0.46%, 1, 0, 2, 47.32
1591125736, 0, 0, 110, 110, 1, 0.46%, 2, 0, 2, 46.20
1591125741, 0, 0, 113, 113, 1, 0.46%, 3, 0, 2, 42.17
1591125746, 0, 0, 116, 116, 1, 0.47%, 3, 0, 2, 41.26
1591125751, 0, 0, 120, 120, 1, 0.48%, 3, 0, 2, 41.62
1591125756, 0, 0, 124, 124, 1, 0.48%, 3, 0, 2, 42.65
1591125766, 0, 0, 130, 130, 1, 0.48%, 3, 0, 2, 42.96
1591125771, 0, 0, 132, 132, 1, 0.49%, 3, 0, 2, 42.39
1591125776, 0, 0, 134, 134, 1, 0.49%, 3, 0, 2, 42.06
1591125781, 0, 0, 139, 139, 1, 0.49%, 5, 0, 2, 41.72
1591125786, 0, 0, 140, 140, 1, 0.49%, 5, 0, 2, 42.12
1591125797, 0, 0, 142, 142, 1, 0.49%, 5, 0, 2, 42.30
1591125802, 0, 0, 145, 145, 1, 0.49%, 5, 0, 2, 42.58
1591125807, 0, 0, 145, 145, 1, 0.49%, 6, 0, 2, 41.39
1591125812, 0, 0, 147, 147, 1, 0.49%, 6, 0, 2, 40.29
1591125817, 0, 0, 156, 156, 1, 0.51%, 6, 0, 2, 40.20
1591125822, 0, 0, 161, 161, 1, 0.52%, 6, 0, 2, 43.56
1591125827, 0, 0, 168, 168, 1, 0.55%, 6, 0, 2, 46.17
1591125832, 0, 0, 169, 169, 1, 0.55%, 6, 0, 2, 45.87
1591125837, 0, 0, 180, 179, 0, 0.55%, 7, 0, 2, 44.84
1591125842, 0, 0, 194, 193, 0, 0.56%, 7, 0, 2, 44.70
1591125847, 0, 0, 206, 205, 0, 0.57%, 7, 0, 2, 46.08
1591125853, 0, 0, 217, 216, 0, 0.58%, 7, 0, 2, 44.93
1591125858, 0, 5, 222, 221, 50, 0.58%, 7, 0, 2, 44.74
1591125863, 0, 5, 224, 223, 50, 0.58%, 9, 0, 3, 44.56
1591125868, 0, 7, 224, 221, 50, 0.58%, 9, 0, 3, 45.21
1591125873, 0, 7, 225, 222, 50, 0.58%, 10, 0, 3, 46.38
1591125878, 0, 23, 225, 221, 49, 0.58%, 11, 0, 3, 46.55
1591125883, 0, 23, 226, 222, 49, 0.58%, 12, 0, 3, 47.02
1591125888, 0, 30, 226, 221, 48, 0.58%, 12, 0, 3, 45.65
1591125893, 0, 30, 228, 223, 48, 0.58%, 14, 0, 3, 44.47
1591125898, 0, 30, 251, 245, 47, 0.59%, 14, 0, 3, 44.24
1591125903, 0, 30, 272, 266, 47, 0.59%, 14, 0, 3, 44.76
1591125908, 0, 41, 287, 281, 47, 0.59%, 14, 0, 3, 45.17
1591125913, 0, 52, 289, 282, 46, 0.59%, 14, 0, 3, 44.54
1591125924, 0, 52, 290, 283, 46, 0.59%, 14, 0, 3, 45.00
1591125929, 0, 52, 293, 286, 46, 0.59%, 15, 0, 3, 44.95
1591125934, 0, 53, 294, 286, 45, 0.59%, 16, 0, 3, 44.02
1591125944, 0, 69, 295, 286, 44, 0.59%, 17, 0, 3, 45.18
1591125949, 0, 69, 300, 291, 44, 0.59%, 17, 0, 3, 44.87
1591125954, 0, 69, 302, 293, 44, 0.59%, 18, 0, 3, 44.74
1591125959, 0, 69, 304, 295, 44, 0.59%, 20, 0, 3, 44.94
1591125964, 0, 71, 304, 294, 43, 0.59%, 20, 0, 3, 44.16
1591125969, 0, 71, 307, 297, 43, 0.59%, 20, 0, 3, 44.83
1591125974, 0, 71, 308, 298, 43, 0.59%, 20, 0, 3, 44.94
1591125979, 0, 71, 325, 314, 42, 0.59%, 20, 0, 3, 45.18
1591125984, 0, 72, 325, 314, 40, 0.59%, 20, 0, 3, 45.11
1591125989, 0, 72, 328, 317, 40, 0.59%, 20, 0, 3, 45.41
1591125994, 0, 72, 330, 319, 40, 0.59%, 21, 0, 3, 44.88
1591125999, 0, 76, 331, 319, 39, 0.59%, 21, 0, 3, 45.19
1591126005, 0, 76, 334, 322, 39, 0.59%, 22, 0, 3, 45.27
1591126010, 0, 76, 338, 326, 39, 0.59%, 22, 0, 3, 46.71
1591126015, 0, 76, 339, 327, 39, 0.59%, 22, 0, 3, 46.76
1591126020, 0, 84, 340, 327, 37, 0.59%, 22, 0, 3, 45.77
1591126030, 0, 103, 340, 326, 36, 0.59%, 22, 0, 3, 45.41
1591126035, 0, 103, 342, 328, 36, 0.59%, 22, 0, 3, 45.27
1591126040, 0, 113, 342, 327, 35, 0.59%, 22, 0, 3, 44.91
1591126045, 0, 113, 347, 331, 34, 0.59%, 23, 0, 3, 45.07
1591126050, 0, 114, 364, 348, 34, 0.59%, 23, 0, 3, 45.35
1591126055, 0, 114, 368, 352, 34, 0.59%, 23, 0, 3, 45.17
1591126060, 0, 114, 370, 354, 34, 0.59%, 24, 0, 3, 43.61
1591126070, 0, 119, 370, 353, 33, 0.59%, 25, 0, 3, 44.95
1591126081, 0, 121, 371, 353, 32, 0.59%, 25, 0, 3, 44.91
1591126086, 0, 121, 373, 355, 32, 0.59%, 26, 0, 3, 45.49
1591126091, 0, 123, 373, 354, 31, 0.59%, 26, 0, 3, 45.11
1591126096, 0, 123, 374, 355, 31, 0.59%, 26, 0, 3, 43.46
1591126101, 0, 139, 374, 354, 30, 0.59%, 27, 0, 3, 43.96
1591126106, 0, 139, 378, 357, 29, 0.59%, 29, 0, 3, 43.38
1591126111, 0, 143, 391, 370, 29, 0.59%, 29, 0, 3, 44.54
1591126116, 0, 143, 393, 372, 29, 0.59%, 29, 0, 3, 43.03
1591126121, 0, 143, 394, 373, 29, 0.59%, 30, 0, 3, 46.75
1591126126, 0, 155, 394, 372, 28, 0.59%, 32, 0, 3, 49.83
1591126131, 0, 178, 395, 372, 27, 0.59%, 32, 0, 3, 50.32
1591126136, 0, 178, 396, 373, 27, 0.59%, 34, 0, 3, 50.33
1591126141, 0, 186, 396, 372, 26, 0.59%, 34, 0, 3, 50.82
1591126146, 0, 192, 396, 371, 25, 0.59%, 34, 0, 3, 50.77
1591126151, 0, 192, 397, 372, 25, 0.59%, 34, 0, 3, 50.63
1591126156, 0, 192, 401, 375, 24, 0.59%, 34, 0, 3, 49.83
1591126161, 0, 193, 403, 377, 24, 0.59%, 34, 0, 3, 50.61
1591126166, 0, 194, 403, 376, 23, 0.59%, 34, 0, 3, 50.99
1591126171, 0, 194, 404, 377, 23, 0.59%, 34, 0, 3, 50.99
1591126176, 0, 197, 404, 376, 22, 0.59%, 35, 0, 3, 50.55
1591126182, 0, 197, 404, 376, 22, 0.59%, 36, 0, 3, 50.76
1591126187, 0, 199, 404, 375, 21, 0.59%, 36, 0, 3, 50.77
1591126192, 0, 200, 404, 374, 20, 0.59%, 37, 0, 3, 50.57
1591126197, 0, 200, 406, 376, 20, 0.59%, 37, 0, 3, 50.74
1591126202, 0, 200, 414, 383, 19, 0.59%, 37, 0, 3, 49.25
1591126207, 0, 204, 414, 383, 20, 0.59%, 37, 0, 3, 50.09
1591126212, 0, 208, 415, 383, 19, 0.59%, 37, 0, 3, 50.99
1591126218, 0, 208, 415, 383, 19, 0.59%, 38, 0, 3, 50.37
1591126223, 0, 212, 416, 383, 19, 0.59%, 39, 0, 3, 50.66
1591126228, 0, 212, 416, 383, 19, 0.59%, 40, 0, 3, 49.86
1591126233, 0, 216, 416, 382, 18, 0.59%, 43, 0, 3, 50.93
1591126238, 0, 223, 416, 381, 17, 0.59%, 45, 0, 3, 50.54
1591126243, 0, 223, 418, 383, 17, 0.59%, 45, 0, 4, 50.56
1591126253, 0, 223, 429, 393, 16, 0.59%, 45, 0, 4, 50.59
1591126258, 0, 234, 434, 398, 17, 0.59%, 45, 0, 4, 50.78
1591126263, 0, 252, 434, 397, 16, 0.59%, 45, 0, 4, 50.13
1591126273, 0, 268, 434, 396, 15, 0.59%, 45, 0, 4, 50.95
1591126279, 0, 278, 434, 395, 14, 0.59%, 46, 0, 4, 50.86
1591126289, 0, 305, 436, 396, 13, 0.59%, 46, 0, 4, 51.12
1591126294, 0, 305, 437, 397, 13, 0.59%, 47, 0, 4, 50.52
1591126309, 0, 305, 438, 398, 13, 0.59%, 48, 0, 4, 50.74
1591126319, 0, 305, 439, 399, 13, 0.59%, 48, 0, 4, 50.74
1591126375, 0, 305, 442, 401, 12, 0.59%, 48, 0, 4, 50.50
1591126380, 0, 305, 465, 424, 12, 0.59%, 48, 0, 4, 50.58
1591126385, 0, 306, 468, 427, 18, 0.59%, 48, 0, 4, 51.24
1591126390, 0, 310, 468, 426, 17, 0.59%, 48, 0, 4, 50.95
1591126401, 0, 320, 468, 425, 16, 0.59%, 50, 0, 4, 50.41
1591126406, 0, 321, 469, 425, 15, 0.59%, 50, 0, 4, 50.39
1591126416, 0, 337, 469, 424, 14, 0.59%, 50, 0, 4, 49.12
1591126421, 0, 337, 470, 424, 13, 0.59%, 51, 0, 4, 44.28
1591126426, 0, 339, 481, 435, 13, 0.59%, 51, 0, 4, 43.27
1591126436, 0, 353, 481, 434, 12, 0.59%, 51, 0, 4, 39.32
1591126441, 0, 353, 482, 435, 12, 0.59%, 51, 0, 4, 41.46
1591126446, 0, 398, 485, 437, 11, 0.59%, 52, 0, 4, 42.83
1591126462, 0, 414, 485, 436, 10, 0.59%, 53, 0, 4, 43.05
1591126467, 0, 416, 485, 435, 9, 0.59%, 55, 0, 4, 43.55
1591126487, 0, 416, 497, 446, 8, 0.59%, 55, 0, 4, 43.20
1591126492, 0, 435, 499, 448, 8, 0.59%, 55, 0, 4, 43.06
1591126513, 0, 437, 499, 447, 7, 0.59%, 55, 0, 4, 42.27
1591126518, 0, 437, 499, 447, 7, 0.59%, 56, 0, 4, 42.89
1591126528, 0, 460, 499, 446, 6, 0.59%, 58, 0, 4, 42.90
1591126533, 0, 460, 499, 446, 6, 0.59%, 59, 0, 4, 42.82
1591126538, 0, 472, 499, 445, 5, 0.59%, 60, 0, 4, 39.50
1591126543, 0, 472, 500, 446, 5, 0.59%, 60, 0, 4, 39.79
1591126553, 1, 16, 500, 445, 5, 0.59%, 60, 0, 4, 42.83
1591126558, 1, 16, 502, 447, 5, 0.59%, 61, 0, 4, 42.76
1591126563, 1, 16, 515, 459, 4, 0.59%, 61, 0, 4, 42.99
1591126568, 1, 28, 517, 461, 4, 0.59%, 61, 0, 4, 42.90
1591126574, 1, 28, 518, 462, 4, 0.59%, 62, 0, 4, 39.30
1591126579, 1, 204, 518, 460, 2, 0.59%, 62, 0, 4, 40.29
1591126589, 1, 211, 518, 460, 2, 0.59%, 62, 0, 4, 43.16
1591126594, 1, 211, 518, 460, 2, 0.59%, 63, 0, 4, 42.92
1591126599, 1, 219, 518, 459, 1, 0.59%, 63, 0, 4, 43.06
1591126604, 1, 219, 518, 459, 1, 0.59%, 64, 0, 4, 43.98
1591126609, 1, 220, 526, 466, 0, 0.59%, 64, 0, 4, 38.73
1591126614, 1, 220, 526, 466, 0, 0.59%, 66, 0, 4, 40.92
1591126620, 1, 225, 526, 465, 0, 0.59%, 68, 0, 4, 43.24
1591126625, 1, 225, 526, 465, 0, 0.59%, 69, 0, 4, 43.48
1591126630, 1, 228, 526, 464, 0, 0.59%, 69, 0, 4, 42.97
1591126635, 1, 228, 527, 465, 0, 0.59%, 69, 0, 4, 43.35
1591126640, 1, 229, 528, 465, 0, 0.59%, 70, 0, 4, 43.26
1591126650, 1, 256, 530, 466, 1, 0.59%, 70, 0, 4, 40.82
1591126655, 1, 256, 531, 467, 1, 0.59%, 70, 0, 4, 43.22
1591126660, 1, 256, 531, 467, 1, 0.59%, 71, 0, 4, 43.36
1591126665, 1, 333, 540, 475, 1, 0.59%, 71, 0, 4, 43.10
1591126670, 1, 333, 540, 475, 1, 0.59%, 72, 0, 4, 43.63
1591126676, 1, 348, 540, 474, 1, 0.59%, 72, 0, 4, 43.19
1591126691, 1, 358, 540, 473, 1, 0.59%, 73, 0, 4, 42.78
1591126696, 1, 382, 540, 472, 1, 0.59%, 73, 0, 4, 43.26
1591126701, 1, 382, 541, 473, 1, 0.59%, 73, 0, 4, 42.93
1591126711, 1, 383, 542, 473, 0, 0.59%, 73, 0, 4, 43.69
1591126716, 1, 383, 543, 474, 0, 0.59%, 73, 0, 4, 39.31
1591126731, 1, 385, 558, 488, 0, 0.59%, 73, 0, 4, 43.13
1591126742, 1, 388, 558, 487, 0, 0.59%, 73, 0, 4, 43.25
1591126747, 1, 388, 560, 489, 0, 0.59%, 73, 0, 4, 43.76
1591126757, 1, 406, 560, 488, 0, 0.59%, 73, 0, 4, 42.17
1591126767, 1, 407, 562, 489, 0, 0.59%, 75, 0, 4, 43.81
1591126772, 1, 407, 566, 493, 0, 0.59%, 76, 0, 4, 44.47
1591126777, 1, 407, 569, 496, 0, 0.59%, 76, 0, 4, 44.24
1591126787, 1, 409, 569, 495, 0, 0.59%, 76, 0, 4, 39.28
1591126798, 1, 409, 584, 509, 0, 0.59%, 76, 0, 4, 42.91
1591126803, 1, 414, 592, 517, 0, 0.59%, 76, 0, 4, 42.91
1591126813, 1, 416, 592, 517, 0, 0.59%, 76, 0, 4, 43.67
1591126828, 1, 417, 592, 517, 0, 0.59%, 76, 0, 4, 43.09
1591126833, 1, 417, 598, 523, 0, 0.59%, 77, 0, 5, 43.51
1591126838, 1, 417, 606, 531, 0, 0.59%, 80, 0, 5, 44.39
1591126843, 1, 417, 610, 535, 0, 0.59%, 81, 0, 5, 45.16
1591126848, 1, 417, 615, 540, 0, 0.59%, 84, 0, 5, 45.31
1591126858, 1, 417, 616, 541, 0, 0.59%, 84, 0, 5, 40.55
1591126864, 1, 420, 616, 540, 0, 0.59%, 84, 0, 5, 43.01
1591126874, 1, 424, 616, 539, 0, 0.59%, 84, 0, 5, 43.74
1591126879, 1, 424, 617, 540, 0, 0.59%, 84, 0, 5, 44.03
1591126884, 1, 424, 633, 555, 0, 0.59%, 84, 0, 5, 43.05
1591126889, 1, 425, 635, 557, 0, 0.59%, 84, 0, 5, 38.63
1591126899, 1, 430, 635, 556, 0, 0.59%, 84, 0, 5, 43.08
1591126904, 1, 430, 635, 556, 0, 0.59%, 85, 0, 5, 43.55
1591126909, 1, 431, 635, 555, 0, 0.59%, 85, 0, 5, 43.38
1591126915, 1, 431, 636, 556, 0, 0.59%, 85, 0, 5, 43.09
1591126925, 1, 433, 636, 555, 0, 0.59%, 85, 0, 5, 38.73
1591126935, 1, 435, 636, 554, 0, 0.59%, 85, 0, 5, 43.19
1591126940, 1, 435, 636, 554, 0, 0.59%, 86, 0, 5, 44.15
1591126945, 1, 435, 637, 555, 0, 0.59%, 86, 0, 5, 43.73
1591126950, 1, 435, 641, 559, 0, 0.59%, 86, 0, 5, 43.71
1591126955, 1, 437, 654, 572, 0, 0.59%, 86, 0, 5, 42.90
1591126966, 1, 437, 655, 573, 0, 0.59%, 86, 0, 5, 41.54
1591126971, 1, 437, 655, 573, 0, 0.59%, 87, 0, 5, 43.39
1591126976, 1, 439, 655, 573, 0, 0.59%, 87, 0, 5, 43.75
1591126996, 1, 440, 655, 572, 0, 0.59%, 87, 0, 5, 38.36
1591127017, 1, 444, 655, 571, 0, 0.59%, 87, 0, 5, 43.37
1591127022, 1, 449, 655, 570, 0, 0.59%, 87, 0, 5, 43.57
1591127037, 1, 452, 665, 579, 0, 0.59%, 87, 0, 5, 42.58
1591127047, 1, 453, 665, 578, 0, 0.59%, 87, 0, 5, 43.02
1591127057, 1, 460, 666, 578, 0, 0.59%, 87, 0, 5, 43.22
1591127068, 1, 462, 666, 578, 0, 0.59%, 87, 0, 5, 40.29
1591127078, 1, 471, 666, 577, 0, 0.59%, 87, 0, 5, 43.31
1591127088, 1, 471, 674, 584, 0, 0.59%, 87, 0, 5, 43.14
1591127093, 1, 480, 674, 584, 0, 0.59%, 87, 0, 5, 43.24
1591127103, 1, 483, 674, 583, 0, 0.59%, 87, 0, 5, 40.15
1591127113, 1, 484, 674, 582, 0, 0.59%, 87, 0, 5, 43.95
1591127124, 1, 485, 674, 581, 0, 0.59%, 87, 0, 5, 43.51
1591127134, 1, 488, 674, 580, 0, 0.59%, 87, 0, 5, 40.94
1591127149, 1, 491, 684, 589, 0, 0.59%, 87, 0, 5, 42.98
1591127164, 1, 496, 684, 588, 0, 0.59%, 87, 0, 5, 43.16
1591127169, 1, 496, 687, 591, 0, 0.59%, 87, 0, 5, 38.09
1591127174, 1, 497, 687, 590, 0, 0.59%, 88, 0, 5, 41.25
1591127190, 1, 503, 687, 589, 0, 0.59%, 89, 0, 5, 42.74
1591127200, 1, 503, 688, 590, 0, 0.59%, 89, 0, 5, 45.05
1591127210, 1, 504, 688, 589, 0, 0.59%, 89, 0, 5, 41.43
1591127235, 1, 504, 698, 598, 0, 0.60%, 89, 0, 5, 42.29
1591127241, 1, 514, 713, 613, 1, 0.60%, 89, 0, 5, 37.39
1591127266, 1, 534, 713, 612, 1, 0.60%, 89, 0, 5, 43.48
1591127297, 1, 704, 713, 611, 1, 0.60%, 89, 0, 5, 41.33
1591127337, 1, 704, 713, 611, 1, 0.60%, 90, 0, 5, 41.10
1591127343, 1, 704, 713, 611, 1, 0.60%, 93, 0, 5, 43.02
1591127363, 1, 709, 713, 610, 0, 0.60%, 93, 0, 5, 43.74
1591127403, 1, 709, 715, 612, 0, 0.60%, 93, 0, 5, 46.83
1591127408, 1, 709, 715, 612, 0, 0.60%, 95, 0, 5, 47.78
1591127413, 1, 709, 715, 612, 0, 0.60%, 96, 0, 5, 45.49
1591127419, 1, 709, 715, 612, 0, 0.60%, 98, 0, 5, 44.86
1591127429, 1, 709, 715, 612, 0, 0.60%, 100, 0, 5, 48.33
1591127434, 1, 709, 716, 613, 0, 0.60%, 102, 0, 5, 47.69
1591127490, 1, 711, 716, 612, 0, 0.60%, 102, 0, 5, 38.84
1591127520, 1, 711, 717, 613, 0, 0.60%, 102, 0, 5, 40.23
1591127556, 1, 714, 723, 618, 0, 0.60%, 102, 0, 5, 44.93
1591127591, 1, 714, 724, 619, 0, 0.60%, 102, 0, 5, 44.15
1591127596, 1, 714, 724, 619, 0, 0.60%, 103, 0, 5, 46.27
1591127626, 1, 716, 724, 618, 0, 0.60%, 103, 0, 5, 41.89
1591127682, 1, 718, 724, 617, 0, 0.60%, 103, 0, 5, 42.47
1591127733, 1, 718, 732, 625, 0, 0.60%, 105, 0, 5, 35.89
1591127738, 1, 718, 733, 626, 0, 0.60%, 105, 0, 5, 34.29
1591127743, 1, 718, 735, 628, 0, 0.60%, 106, 0, 5, 40.95
1591127759, 1, 727, 735, 627, 0, 0.60%, 106, 0, 5, 35.63
1591127809, 1, 727, 736, 628, 0, 0.60%, 107, 0, 5, 44.57
1591127814, 1, 727, 737, 629, 0, 0.60%, 107, 0, 5, 44.69
1591127835, 1, 727, 738, 630, 0, 0.60%, 107, 0, 5, 46.33
1591127865, 1, 727, 739, 631, 0, 0.60%, 107, 0, 5, 44.65
1591127890, 1, 728, 739, 630, 0, 0.60%, 107, 0, 5, 42.66
1591127921, 1, 728, 739, 630, 0, 0.60%, 108, 0, 5, 43.57
1591127941, 1, 728, 758, 648, 0, 0.60%, 108, 0, 5, 41.88
1591127946, 1, 728, 773, 663, 0, 0.60%, 108, 0, 5, 43.69
1591127952, 1, 739, 773, 663, 1, 0.60%, 108, 0, 5, 40.12
1591128023, 1, 747, 773, 662, 0, 0.60%, 108, 0, 5, 41.55
1591128053, 1, 751, 774, 662, 0, 0.60%, 108, 0, 5, 41.26
1591128078, 1, 755, 774, 661, 0, 0.60%, 108, 0, 5, 42.08
1591128109, 1, 756, 774, 660, 0, 0.60%, 108, 0, 5, 42.31
1591128149, 1, 756, 776, 662, 0, 0.60%, 108, 0, 5, 46.64
1591128154, 1, 756, 776, 662, 0, 0.60%, 109, 0, 5, 47.39
1591128159, 1, 756, 776, 662, 0, 0.60%, 110, 0, 5, 47.06
1591128174, 1, 756, 777, 663, 0, 0.60%, 110, 0, 5, 47.10
1591128230, 1, 756, 785, 670, 0, 0.60%, 110, 0, 5, 42.30
1591128235, 1, 757, 785, 670, 0, 0.60%, 110, 0, 5, 45.39
1591128301, 1, 760, 785, 669, 0, 0.60%, 110, 0, 5, 43.95
1591128352, 1, 767, 785, 668, 0, 0.60%, 110, 0, 5, 44.95
1591128418, 1, 775, 785, 667, 0, 0.60%, 110, 0, 5, 41.57
1591128479, 1, 784, 785, 666, 0, 0.60%, 110, 0, 5, 42.12
1591128504, 1, 788, 795, 675, 1, 0.60%, 110, 0, 5, 41.25
1591128575, 1, 791, 795, 674, 0, 0.60%, 110, 0, 5, 39.04
