# unix_time, cycles_done, cur_path, paths_total, pending_total, pending_favs, map_size, unique_crashes, unique_hangs, max_depth, execs_per_sec
1591213362, 0, 0, 1, 1, 1, 0.26%, 0, 0, 1, 56.34
1591213367, 0, 0, 19, 19, 1, 0.32%, 0, 0, 2, 58.75
1591213372, 0, 0, 33, 33, 1, 0.34%, 0, 0, 2, 54.85
1591213378, 0, 0, 46, 46, 1, 0.36%, 0, 0, 2, 49.91
1591213383, 0, 0, 55, 55, 1, 0.37%, 0, 0, 2, 48.32
1591213388, 0, 0, 57, 57, 1, 0.37%, 0, 0, 2, 46.65
1591213393, 0, 0, 59, 59, 1, 0.37%, 0, 0, 2, 45.35
1591213398, 0, 0, 61, 61, 1, 0.38%, 0, 0, 2, 45.68
1591213408, 0, 0, 62, 62, 1, 0.38%, 0, 0, 2, 40.56
1591213413, 0, 0, 64, 64, 1, 0.38%, 0, 0, 2, 39.31
1591213418, 0, 0, 66, 66, 1, 0.39%, 0, 0, 2, 42.65
1591213423, 0, 0, 68, 68, 1, 0.39%, 0, 0, 2, 43.34
1591213434, 0, 0, 69, 69, 1, 0.39%, 0, 0, 2, 43.53
1591213439, 0, 0, 79, 79, 1, 0.43%, 0, 0, 2, 43.57
1591213444, 0, 0, 80, 80, 1, 0.43%, 0, 0, 2, 41.88
1591213485, 0, 0, 81, 81, 1, 0.43%, 0, 0, 2, 41.34
1591213581, 0, 0, 83, 83, 1, 0.43%, 0, 0, 2, 40.62
1591213586, 0, 0, 87, 87, 1, 0.44%, 0, 0, 2, 42.34
1591213591, 0, 0, 89, 89, 1, 0.45%, 0, 0, 2, 40.58
1591213597, 0, 0, 90, 90, 1, 0.45%, 0, 0, 2, 39.36
1591213602, 0, 0, 92, 92, 1, 0.45%, 0, 0, 2, 40.99
1591213607, 0, 0, 93, 93, 1, 0.45%, 0, 0, 2, 41.21
1591213709, 0, 0, 95, 95, 1, 0.45%, 0, 0, 2, 40.46
1591213780, 0, 0, 96, 96, 1, 0.45%, 0, 0, 2, 51.03
1591213790, 0, 0, 111, 111, 1, 0.50%, 0, 0, 2, 50.48
1591213795, 0, 0, 130, 130, 1, 0.52%, 0, 0, 2, 48.45
1591213800, 0, 0, 142, 142, 1, 0.52%, 0, 0, 2, 45.83
1591213805, 0, 0, 151, 151, 1, 0.52%, 0, 0, 2, 45.61
1591213810, 0, 0, 161, 161, 1, 0.56%, 0, 0, 2, 47.75
1591213815, 0, 0, 169, 169, 1, 0.56%, 0, 0, 2, 44.23
1591213820, 0, 0, 175, 175, 1, 0.56%, 0, 0, 2, 45.42
1591213825, 0, 0, 179, 179, 1, 0.56%, 0, 0, 2, 44.87
1591213831, 0, 0, 180, 180, 1, 0.56%, 0, 0, 2, 45.54
1591213836, 0, 0, 184, 184, 1, 0.56%, 0, 0, 2, 43.97
1591213841, 0, 0, 186, 186, 1, 0.56%, 0, 0, 2, 35.86
1591213846, 0, 0, 191, 191, 1, 0.58%, 0, 0, 2, 40.39
1591213851, 0, 0, 193, 193, 1, 0.58%, 0, 0, 2, 40.23
1591213856, 0, 0, 194, 194, 1, 0.58%, 0, 0, 2, 43.34
1591213861, 0, 0, 198, 198, 1, 0.58%, 0, 0, 2, 44.57
1591213866, 0, 0, 202, 202, 1, 0.58%, 0, 0, 2, 44.11
1591213871, 0, 0, 205, 205, 1, 0.58%, 0, 0, 2, 38.61
1591213876, 0, 0, 207, 207, 1, 0.58%, 0, 0, 2, 42.49
1591213881, 0, 0, 209, 209, 1, 0.58%, 0, 0, 2, 37.54
1591213886, 0, 0, 212, 212, 1, 0.58%, 0, 0, 2, 40.77
1591213892, 0, 0, 213, 213, 1, 0.58%, 0, 0, 2, 41.16
1591213897, 0, 0, 218, 218, 1, 0.58%, 0, 0, 2, 37.68
1591213902, 0, 0, 220, 220, 1, 0.58%, 0, 0, 2, 37.86
1591213907, 0, 0, 222, 222, 1, 0.58%, 0, 0, 2, 41.18
1591213912, 0, 0, 224, 224, 1, 0.58%, 0, 0, 2, 42.39
1591213917, 0, 0, 225, 225, 1, 0.58%, 0, 0, 2, 43.08
1591213922, 0, 0, 228, 228, 1, 0.59%, 0, 0, 2, 39.17
1591213932, 0, 0, 231, 231, 1, 0.59%, 0, 0, 2, 42.93
1591213937, 0, 0, 232, 232, 1, 0.59%, 0, 0, 2, 42.44
1591213948, 0, 0, 234, 234, 1, 0.59%, 0, 0, 2, 43.93
1591213953, 0, 0, 237, 237, 1, 0.59%, 0, 0, 2, 43.77
1591213958, 0, 0, 238, 238, 1, 0.60%, 0, 0, 2, 43.48
1591213968, 0, 0, 239, 239, 1, 0.60%, 0, 0, 2, 41.92
1591213973, 0, 0, 241, 241, 1, 0.60%, 0, 0, 2, 42.93
1591213983, 0, 0, 242, 242, 1, 0.60%, 0, 0, 2, 43.36
1591213993, 0, 0, 244, 244, 1, 0.60%, 0, 0, 2, 43.65
1591214003, 0, 0, 246, 246, 1, 0.60%, 0, 0, 2, 43.90
1591214008, 0, 0, 247, 247, 1, 0.60%, 0, 0, 2, 44.25
1591214019, 0, 0, 248, 248, 1, 0.60%, 0, 0, 2, 43.66
1591214029, 0, 0, 249, 249, 1, 0.60%, 0, 0, 2, 43.86
1591214034, 0, 0, 251, 251, 1, 0.60%, 0, 0, 2, 38.22
1591214049, 0, 0, 252, 252, 1, 0.60%, 0, 0, 2, 44.57
1591214054, 0, 0, 253, 253, 1, 0.60%, 0, 0, 2, 45.45
1591214059, 0, 0, 254, 254, 1, 0.60%, 0, 0, 2, 44.00
1591214064, 0, 0, 255, 255, 1, 0.60%, 0, 0, 2, 43.47
1591214095, 0, 0, 256, 256, 1, 0.60%, 0, 0, 2, 43.57
1591214110, 0, 0, 257, 257, 1, 0.60%, 0, 0, 2, 43.68
1591214115, 0, 0, 258, 258, 1, 0.60%, 0, 0, 2, 43.61
1591214121, 0, 0, 259, 259, 1, 0.61%, 0, 0, 2, 43.49
1591214126, 0, 0, 260, 260, 1, 0.61%, 0, 0, 2, 43.45
1591214141, 0, 0, 261, 261, 1, 0.61%, 0, 0, 2, 44.87
1591214156, 0, 0, 262, 262, 1, 0.61%, 0, 0, 2, 48.69
1591214167, 0, 0, 263, 263, 1, 0.61%, 0, 0, 2, 49.24
1591214192, 0, 0, 269, 268, 0, 0.62%, 0, 0, 2, 49.21
1591214197, 0, 0, 295, 294, 0, 0.67%, 0, 0, 2, 49.02
1591214203, 0, 0, 319, 318, 0, 0.68%, 0, 0, 2, 49.44
1591214208, 0, 0, 344, 343, 0, 0.68%, 0, 0, 2, 49.63
1591214213, 0, 0, 369, 368, 0, 0.68%, 0, 0, 2, 49.28
1591214218, 0, 0, 391, 390, 0, 0.68%, 0, 0, 2, 49.35
1591214223, 0, 0, 413, 412, 0, 0.69%, 0, 0, 2, 49.48
1591214228, 0, 0, 435, 434, 0, 0.69%, 0, 0, 2, 49.34
1591214233, 0, 0, 455, 454, 0, 0.69%, 0, 0, 2, 49.68
1591214238, 0, 0, 461, 460, 0, 0.69%, 0, 0, 2, 49.44
1591214243, 0, 0, 466, 465, 0, 0.69%, 0, 0, 2, 49.48
1591214248, 0, 0, 473, 472, 0, 0.69%, 0, 0, 2, 49.59
1591214253, 0, 0, 474, 473, 0, 0.69%, 0, 0, 2, 49.79
1591214258, 0, 43, 474, 473, 43, 0.69%, 0, 0, 2, 49.68
1591214472, 0, 96, 474, 472, 43, 0.69%, 0, 0, 2, 42.91
1591214711, 0, 122, 474, 471, 43, 0.69%, 0, 0, 2, 49.93
1591214958, 0, 131, 474, 470, 42, 0.69%, 0, 0, 2, 40.86
1591214979, 0, 140, 474, 469, 41, 0.69%, 0, 0, 2, 42.49
1591215147, 0, 140, 475, 469, 40, 0.69%, 0, 0, 2, 41.08
1591215152, 0, 140, 497, 491, 40, 0.69%, 0, 0, 2, 40.05
1591215157, 0, 140, 517, 511, 40, 0.69%, 0, 0, 2, 39.39
1591215162, 0, 140, 535, 529, 40, 0.69%, 0, 0, 2, 33.80
1591215167, 0, 140, 553, 547, 40, 0.69%, 0, 0, 2, 35.99
1591215172, 0, 140, 572, 566, 40, 0.69%, 0, 0, 2, 39.50
1591215177, 0, 140, 591, 585, 40, 0.69%, 0, 0, 2, 38.07
1591215183, 0, 140, 608, 602, 40, 0.69%, 0, 0, 2, 37.90
1591215188, 0, 140, 612, 606, 40, 0.69%, 0, 0, 2, 38.32
1591215193, 0, 140, 619, 613, 40, 0.69%, 0, 0, 2, 37.26
1591215198, 0, 140, 624, 618, 40, 0.69%, 0, 0, 2, 34.47
1591215203, 0, 141, 626, 620, 35, 0.69%, 0, 0, 2, 37.63
1591215386, 0, 188, 626, 619, 34, 0.69%, 0, 0, 2, 41.96
1591215421, 0, 205, 626, 618, 33, 0.69%, 0, 0, 2, 41.94
1591215579, 0, 237, 626, 617, 32, 0.69%, 0, 0, 2, 41.76
1591215614, 0, 254, 626, 616, 31, 0.69%, 0, 0, 2, 40.93
1591215853, 0, 254, 627, 616, 30, 0.69%, 0, 0, 2, 41.61
1591215858, 0, 254, 644, 633, 30, 0.69%, 0, 0, 2, 35.96
1591215863, 0, 254, 658, 647, 30, 0.69%, 0, 0, 2, 28.89
1591215868, 0, 254, 665, 654, 30, 0.69%, 0, 0, 2, 31.83
1591215874, 0, 260, 666, 655, 30, 0.69%, 0, 0, 2, 38.97
1591215986, 0, 265, 666, 654, 29, 0.69%, 0, 0, 2, 41.16
1591216281, 0, 275, 666, 653, 28, 0.69%, 0, 0, 2, 37.32
1591216407, 0, 277, 666, 652, 27, 0.69%, 0, 0, 2, 41.69
1591216759, 0, 285, 666, 651, 26, 0.69%, 0, 0, 2, 41.91
1591216958, 0, 285, 668, 652, 25, 0.69%, 0, 0, 2, 34.04
1591216963, 0, 299, 679, 663, 25, 0.69%, 0, 0, 2, 34.56
1591217158, 0, 301, 679, 662, 24, 0.69%, 0, 0, 2, 36.49
1591217673, 0, 310, 679, 661, 23, 0.69%, 0, 0, 2, 42.47
1591218020, 0, 313, 679, 660, 22, 0.69%, 0, 0, 2, 47.84
1591218736, 0, 316, 679, 659, 21, 0.69%, 0, 0, 2, 40.12
1591219053, 0, 334, 682, 661, 20, 0.69%, 0, 0, 2, 39.55
1591219278, 0, 340, 682, 660, 19, 0.69%, 0, 0, 2, 35.08
1591219533, 0, 356, 682, 659, 18, 0.69%, 0, 0, 2, 39.39
1591219895, 0, 360, 682, 658, 17, 0.69%, 0, 0, 2, 39.30
1591219992, 0, 364, 682, 657, 16, 0.69%, 0, 0, 2, 39.80
1591220289, 0, 369, 685, 659, 15, 0.69%, 0, 0, 2, 38.28
1591220784, 0, 381, 685, 658, 14, 0.69%, 0, 0, 2, 34.87
1591221091, 0, 384, 685, 657, 13, 0.69%, 0, 0, 2, 39.87
1591221152, 0, 386, 685, 656, 12, 0.69%, 0, 0, 2, 39.49
1591221265, 0, 394, 685, 655, 11, 0.69%, 0, 0, 2, 39.65
1591221618, 0, 394, 689, 658, 10, 0.69%, 0, 0, 2, 38.42
1591221623, 0, 398, 696, 665, 10, 0.69%, 0, 0, 2, 32.60
1591222021, 0, 399, 696, 664, 9, 0.69%, 0, 0, 2, 38.92
1591222164, 0, 408, 696, 663, 8, 0.69%, 0, 0, 2, 39.18
1591222517, 0, 414, 696, 662, 7, 0.69%, 0, 0, 2, 39.08
1591223242, 0, 418, 696, 661, 6, 0.69%, 0, 0, 2, 38.36
1591223583, 0, 441, 703, 667, 5, 0.69%, 0, 0, 2, 32.12
1591223772, 0, 450, 703, 666, 4, 0.69%, 0, 0, 2, 39.25
1591224047, 0, 451, 703, 665, 3, 0.69%, 0, 0, 2, 38.86
1591224487, 0, 466, 703, 664, 2, 0.69%, 0, 0, 2, 39.56
1591225437, 0, 568, 703, 663, 1, 0.69%, 0, 0, 2, 34.31
