# unix_time, cycles_done, cur_path, paths_total, pending_total, pending_favs, map_size, unique_crashes, unique_hangs, max_depth, execs_per_sec
1591130855, 0, 0, 1, 1, 1, 0.25%, 0, 0, 1, 61.54
1591130860, 0, 0, 24, 24, 1, 0.40%, 0, 0, 2, 50.73
1591130865, 0, 0, 45, 45, 1, 0.43%, 0, 0, 2, 46.50
1591130870, 0, 0, 63, 63, 1, 0.44%, 0, 0, 2, 45.51
1591130875, 0, 0, 77, 77, 1, 0.47%, 0, 0, 2, 45.15
1591130880, 0, 0, 88, 88, 1, 0.48%, 0, 0, 2, 45.84
1591130885, 0, 0, 95, 95, 1, 0.48%, 0, 0, 2, 47.14
1591130890, 0, 0, 105, 105, 1, 0.48%, 0, 0, 2, 47.72
1591130895, 0, 0, 114, 114, 1, 0.48%, 0, 0, 2, 47.80
1591130900, 0, 0, 117, 117, 1, 0.49%, 0, 0, 2, 47.47
1591130905, 0, 0, 125, 125, 1, 0.50%, 0, 0, 2, 46.82
1591130911, 0, 0, 130, 130, 1, 0.50%, 0, 0, 2, 47.26
1591130916, 0, 0, 133, 133, 1, 0.50%, 0, 0, 2, 47.08
1591130921, 0, 0, 137, 137, 1, 0.50%, 0, 0, 2, 47.16
1591130926, 0, 0, 140, 140, 1, 0.51%, 0, 0, 2, 47.40
1591130931, 0, 0, 146, 146, 1, 0.51%, 0, 0, 2, 47.05
1591130936, 0, 0, 151, 151, 1, 0.51%, 0, 0, 2, 47.19
1591130941, 0, 0, 154, 154, 1, 0.51%, 0, 0, 2, 47.28
1591130946, 0, 0, 155, 155, 1, 0.51%, 0, 0, 2, 47.51
1591130951, 0, 0, 161, 161, 1, 0.51%, 0, 0, 2, 47.52
1591130956, 0, 0, 163, 163, 1, 0.51%, 0, 0, 2, 47.56
1591130961, 0, 0, 165, 165, 1, 0.52%, 0, 0, 2, 47.17
1591130966, 0, 0, 167, 167, 1, 0.52%, 0, 0, 2, 46.93
1591130971, 0, 0, 168, 168, 1, 0.52%, 0, 0, 2, 47.26
1591130976, 0, 0, 176, 176, 1, 0.52%, 0, 0, 2, 46.92
1591130982, 0, 0, 183, 183, 1, 0.52%, 0, 0, 2, 46.52
1591130987, 0, 0, 184, 184, 1, 0.52%, 0, 0, 2, 46.37
1591130992, 0, 0, 185, 184, 0, 0.52%, 0, 0, 2, 46.80
1591130997, 0, 0, 203, 202, 0, 0.55%, 0, 0, 2, 46.98
1591131002, 0, 0, 220, 219, 0, 0.59%, 0, 0, 2, 46.73
1591131007, 0, 0, 233, 232, 0, 0.59%, 0, 0, 2, 46.62
1591131012, 0, 9, 235, 234, 52, 0.59%, 0, 0, 2, 46.89
1591131017, 0, 9, 240, 239, 52, 0.60%, 0, 0, 3, 47.00
1591131022, 0, 9, 243, 242, 52, 0.60%, 0, 0, 3, 46.93
1591131027, 0, 9, 244, 243, 52, 0.60%, 0, 0, 3, 46.99
1591131033, 0, 21, 245, 243, 53, 0.60%, 0, 0, 3, 47.04
1591131038, 0, 21, 246, 244, 53, 0.60%, 0, 0, 3, 47.10
1591131043, 0, 23, 247, 244, 52, 0.60%, 0, 0, 3, 46.17
1591131048, 0, 23, 248, 245, 52, 0.60%, 0, 0, 3, 46.00
1591131058, 0, 25, 249, 245, 51, 0.60%, 0, 0, 3, 46.11
1591131063, 0, 25, 250, 246, 51, 0.60%, 0, 0, 3, 46.17
1591131068, 0, 37, 251, 246, 51, 0.60%, 0, 0, 3, 46.17
1591131074, 0, 37, 252, 247, 51, 0.60%, 0, 0, 3, 46.24
1591131079, 0, 37, 256, 250, 50, 0.60%, 0, 0, 3, 46.26
1591131084, 0, 46, 277, 271, 49, 0.61%, 0, 0, 3, 46.32
1591131089, 0, 46, 278, 272, 49, 0.61%, 0, 0, 3, 45.97
1591131094, 0, 46, 280, 274, 49, 0.61%, 0, 0, 3, 46.13
1591131099, 0, 65, 280, 273, 48, 0.61%, 0, 0, 3, 45.32
1591131104, 0, 65, 282, 275, 48, 0.61%, 0, 0, 3, 44.78
1591131109, 0, 67, 282, 274, 47, 0.61%, 0, 0, 3, 45.48
1591131114, 0, 67, 287, 279, 47, 0.61%, 0, 0, 3, 46.18
1591131120, 0, 67, 289, 281, 47, 0.61%, 0, 0, 3, 46.05
1591131130, 0, 68, 290, 281, 46, 0.61%, 0, 0, 3, 46.20
1591131135, 0, 68, 295, 286, 46, 0.61%, 0, 0, 3, 45.76
1591131140, 0, 68, 303, 294, 46, 0.62%, 0, 0, 3, 45.80
1591131145, 0, 68, 306, 297, 46, 0.62%, 0, 0, 3, 45.93
1591131150, 0, 73, 308, 298, 46, 0.62%, 0, 0, 3, 45.53
1591131155, 0, 73, 312, 302, 46, 0.62%, 0, 0, 3, 47.57
1591131160, 0, 73, 313, 303, 46, 0.62%, 0, 0, 3, 49.58
1591131165, 0, 73, 316, 305, 45, 0.62%, 0, 0, 3, 50.10
1591131170, 0, 74, 331, 320, 44, 0.62%, 0, 0, 3, 50.54
1591131181, 0, 87, 332, 320, 44, 0.62%, 0, 0, 3, 50.34
1591131191, 0, 91, 333, 320, 43, 0.63%, 0, 0, 3, 48.79
1591131201, 0, 92, 333, 319, 43, 0.63%, 0, 0, 3, 46.08
1591131206, 0, 92, 334, 320, 43, 0.63%, 0, 0, 3, 45.87
1591131211, 0, 93, 334, 319, 42, 0.63%, 0, 0, 3, 45.60
1591131216, 0, 93, 336, 320, 41, 0.63%, 0, 0, 3, 44.58
1591131221, 0, 105, 344, 328, 43, 0.63%, 0, 0, 3, 45.24
1591131231, 0, 125, 345, 328, 42, 0.63%, 0, 0, 3, 45.73
1591131236, 0, 125, 348, 331, 42, 0.63%, 0, 0, 3, 45.77
1591131242, 0, 125, 353, 336, 42, 0.63%, 0, 0, 3, 45.85
1591131247, 0, 125, 354, 337, 42, 0.63%, 0, 0, 3, 45.64
1591131252, 0, 125, 359, 342, 42, 0.63%, 0, 0, 3, 45.91
1591131257, 0, 126, 359, 341, 45, 0.63%, 0, 0, 3, 45.64
1591131262, 0, 126, 360, 342, 45, 0.63%, 0, 0, 3, 45.56
1591131267, 0, 135, 361, 342, 44, 0.63%, 0, 0, 3, 45.87
1591131277, 0, 159, 361, 341, 43, 0.63%, 0, 0, 3, 45.94
1591131282, 0, 159, 364, 344, 43, 0.63%, 0, 0, 3, 46.29
1591131288, 0, 159, 366, 346, 43, 0.63%, 0, 0, 3, 46.07
1591131293, 0, 159, 367, 347, 43, 0.63%, 0, 0, 3, 45.94
1591131298, 0, 159, 378, 357, 42, 0.63%, 0, 0, 3, 46.15
1591131303, 0, 160, 392, 371, 48, 0.63%, 0, 0, 3, 45.54
1591131308, 0, 160, 393, 372, 48, 0.63%, 0, 0, 3, 45.61
1591131313, 0, 163, 393, 371, 47, 0.63%, 0, 0, 3, 45.53
1591131323, 0, 195, 393, 370, 45, 0.63%, 0, 0, 3, 46.00
1591131328, 0, 195, 396, 373, 45, 0.63%, 0, 0, 3, 46.05
1591131333, 0, 207, 396, 372, 44, 0.63%, 0, 0, 3, 46.96
1591131339, 0, 214, 396, 371, 43, 0.63%, 0, 0, 3, 46.07
1591131344, 0, 214, 397, 372, 43, 0.63%, 0, 0, 3, 46.76
1591131349, 0, 217, 404, 378, 42, 0.63%, 0, 0, 3, 47.04
1591131359, 0, 222, 404, 377, 41, 0.63%, 0, 0, 3, 46.99
1591131364, 0, 237, 404, 376, 40, 0.63%, 0, 0, 3, 47.09
1591131374, 0, 238, 406, 377, 39, 0.63%, 0, 0, 4, 46.74
1591131384, 0, 238, 410, 381, 39, 0.63%, 0, 0, 4, 46.90
1591131390, 0, 238, 411, 382, 39, 0.63%, 0, 0, 4, 45.92
1591131395, 0, 239, 411, 381, 38, 0.63%, 0, 0, 4, 46.31
1591131405, 0, 239, 419, 388, 37, 0.63%, 0, 0, 4, 45.92
1591131410, 0, 240, 423, 392, 36, 0.63%, 0, 0, 4, 45.58
1591131415, 0, 241, 424, 392, 35, 0.63%, 0, 0, 4, 45.54
1591131425, 0, 242, 424, 391, 34, 0.63%, 0, 0, 4, 45.31
1591131430, 0, 242, 425, 392, 34, 0.63%, 0, 0, 4, 45.19
1591131435, 0, 243, 425, 391, 33, 0.63%, 0, 0, 4, 45.86
1591131440, 0, 243, 428, 394, 33, 0.63%, 0, 0, 4, 45.80
1591131446, 0, 251, 429, 394, 31, 0.63%, 0, 0, 4, 46.13
1591131456, 0, 252, 434, 398, 30, 0.63%, 0, 0, 4, 46.04
1591131466, 0, 255, 434, 397, 29, 0.63%, 0, 0, 4, 46.12
1591131471, 0, 256, 434, 396, 28, 0.63%, 0, 0, 4, 46.35
1591131476, 0, 256, 435, 397, 28, 0.63%, 0, 0, 4, 45.83
1591131481, 0, 260, 435, 396, 27, 0.63%, 0, 0, 4, 45.75
1591131486, 0, 261, 435, 395, 26, 0.63%, 0, 0, 4, 45.88
1591131497, 0, 264, 443, 402, 25, 0.63%, 0, 0, 4, 46.19
1591131507, 0, 265, 443, 401, 24, 0.63%, 0, 0, 4, 45.99
1591131517, 0, 268, 443, 400, 23, 0.63%, 0, 0, 4, 44.72
1591131522, 0, 274, 443, 399, 22, 0.63%, 0, 0, 4, 45.26
1591131532, 0, 295, 443, 398, 21, 0.63%, 0, 0, 4, 50.40
1591131538, 0, 301, 448, 402, 20, 0.63%, 0, 0, 4, 50.75
1591131548, 0, 302, 450, 403, 19, 0.63%, 0, 0, 4, 50.81
1591131558, 0, 307, 450, 402, 18, 0.63%, 0, 0, 4, 50.90
1591131568, 0, 321, 450, 401, 17, 0.63%, 0, 0, 4, 51.10
1591131573, 0, 322, 451, 401, 16, 0.63%, 0, 0, 4, 51.09
1591131583, 0, 323, 462, 411, 15, 0.63%, 0, 0, 4, 50.65
1591131594, 0, 327, 462, 410, 15, 0.63%, 0, 0, 4, 51.07
1591131599, 0, 332, 462, 409, 14, 0.63%, 0, 0, 4, 51.02
1591131609, 0, 346, 462, 408, 13, 0.63%, 0, 0, 4, 50.91
1591131614, 0, 347, 462, 407, 12, 0.63%, 0, 0, 4, 50.76
1591131619, 0, 347, 464, 409, 12, 0.63%, 0, 0, 4, 50.91
1591131624, 0, 347, 466, 411, 12, 0.63%, 0, 0, 4, 51.02
1591131629, 0, 349, 469, 413, 12, 0.63%, 0, 0, 4, 51.04
1591131634, 0, 351, 469, 412, 11, 0.63%, 0, 0, 4, 51.17
1591131645, 0, 353, 469, 411, 10, 0.63%, 0, 0, 4, 51.12
1591131650, 0, 362, 469, 410, 10, 0.63%, 0, 0, 4, 51.09
1591131655, 0, 362, 470, 411, 10, 0.63%, 0, 0, 4, 51.07
1591131660, 0, 363, 470, 410, 9, 0.63%, 0, 0, 4, 51.02
1591131665, 0, 363, 471, 410, 9, 0.63%, 0, 0, 4, 51.20
1591131670, 0, 366, 476, 415, 9, 0.63%, 0, 0, 4, 50.95
1591131680, 0, 367, 478, 416, 8, 0.63%, 0, 0, 4, 51.10
1591131691, 0, 374, 478, 415, 7, 0.63%, 0, 0, 4, 50.85
1591131696, 0, 388, 478, 414, 6, 0.63%, 0, 0, 4, 51.32
1591131706, 0, 414, 479, 414, 5, 0.63%, 0, 0, 4, 51.50
1591131711, 0, 440, 481, 415, 3, 0.63%, 0, 0, 4, 51.10
1591131721, 0, 447, 481, 414, 2, 0.63%, 0, 0, 4, 51.18
1591131726, 0, 459, 481, 413, 1, 0.63%, 0, 0, 4, 51.25
1591131731, 0, 459, 482, 414, 1, 0.63%, 0, 0, 4, 51.10
1591131736, 0, 460, 482, 413, 0, 0.63%, 0, 0, 4, 50.99
1591131742, 0, 460, 483, 414, 0, 0.63%, 0, 0, 4, 51.26
1591131747, 0, 460, 484, 415, 0, 0.63%, 0, 0, 4, 51.06
1591131752, 0, 476, 484, 414, 0, 0.63%, 0, 0, 4, 51.40
1591131762, 0, 476, 486, 415, 0, 0.63%, 0, 0, 4, 51.14
1591131767, 1, 0, 492, 421, 0, 0.63%, 0, 0, 4, 51.20
1591131772, 1, 2, 492, 421, 0, 0.63%, 0, 0, 4, 51.24
1591131777, 1, 5, 494, 422, 0, 0.63%, 0, 0, 4, 51.11
1591131782, 1, 9, 495, 422, 0, 0.63%, 0, 0, 4, 51.17
1591131788, 1, 9, 496, 423, 0, 0.63%, 0, 0, 4, 51.06
1591131793, 1, 13, 497, 424, 0, 0.63%, 0, 0, 4, 51.00
1591131798, 1, 13, 499, 426, 0, 0.63%, 0, 0, 4, 51.09
1591131803, 1, 16, 502, 428, 0, 0.63%, 0, 0, 4, 50.69
1591131808, 1, 16, 504, 430, 0, 0.63%, 0, 0, 4, 50.54
1591131813, 1, 18, 505, 430, 0, 0.63%, 0, 0, 4, 50.55
1591131818, 1, 21, 505, 429, 0, 0.63%, 0, 0, 4, 50.78
1591131823, 1, 21, 506, 430, 0, 0.63%, 0, 0, 4, 49.35
1591131828, 1, 23, 506, 430, 0, 0.63%, 0, 0, 4, 43.72
1591131833, 1, 30, 507, 431, 0, 0.63%, 0, 0, 4, 42.77
1591131844, 1, 30, 511, 434, 0, 0.63%, 0, 0, 4, 38.35
1591131849, 1, 33, 517, 440, 0, 0.63%, 0, 0, 4, 41.31
1591131854, 1, 33, 519, 442, 0, 0.63%, 0, 0, 4, 42.89
1591131859, 1, 35, 521, 443, 0, 0.63%, 0, 0, 4, 43.40
1591131869, 1, 38, 521, 442, 0, 0.63%, 0, 0, 4, 43.25
1591131879, 1, 40, 521, 441, 0, 0.63%, 0, 0, 4, 38.60
1591131889, 1, 42, 521, 440, 0, 0.63%, 0, 0, 4, 42.92
1591131899, 1, 46, 526, 444, 0, 0.63%, 0, 0, 4, 42.55
1591131905, 1, 46, 527, 445, 0, 0.63%, 0, 0, 4, 42.23
1591131910, 1, 50, 527, 445, 0, 0.63%, 0, 0, 4, 41.89
1591131920, 1, 53, 528, 445, 0, 0.63%, 0, 0, 4, 41.50
1591131930, 1, 62, 528, 444, 0, 0.63%, 0, 0, 4, 42.92
1591131935, 1, 62, 530, 446, 0, 0.63%, 0, 0, 4, 43.02
1591131940, 1, 65, 530, 445, 0, 0.63%, 0, 0, 4, 43.07
1591131950, 1, 65, 544, 459, 0, 0.63%, 0, 0, 4, 38.17
1591131955, 1, 68, 545, 460, 0, 0.63%, 0, 0, 4, 42.41
1591131960, 1, 70, 545, 460, 0, 0.63%, 0, 0, 4, 42.99
1591131970, 1, 73, 545, 459, 0, 0.63%, 0, 0, 4, 43.09
1591131975, 1, 73, 547, 461, 0, 0.63%, 0, 0, 4, 43.17
1591131980, 1, 78, 547, 461, 0, 0.63%, 0, 0, 4, 39.91
1591131990, 1, 82, 548, 461, 0, 0.63%, 0, 0, 4, 42.13
1591132001, 1, 83, 549, 461, 0, 0.63%, 0, 0, 4, 42.72
1591132011, 1, 84, 549, 460, 0, 0.63%, 0, 0, 4, 43.07
1591132021, 1, 85, 549, 459, 0, 0.63%, 0, 0, 4, 39.49
1591132026, 1, 85, 551, 461, 0, 0.63%, 0, 0, 4, 43.12
1591132031, 1, 86, 551, 460, 0, 0.63%, 0, 0, 4, 42.88
1591132036, 1, 87, 551, 459, 0, 0.63%, 0, 0, 4, 45.71
1591132041, 1, 87, 552, 460, 0, 0.63%, 0, 0, 4, 45.99
1591132046, 1, 91, 561, 469, 0, 0.63%, 0, 0, 4, 46.29
1591132056, 1, 92, 561, 469, 0, 0.63%, 0, 0, 4, 45.90
1591132061, 1, 92, 562, 470, 0, 0.63%, 0, 0, 4, 45.69
1591132067, 1, 93, 562, 470, 0, 0.63%, 0, 0, 4, 45.19
1591132072, 1, 97, 562, 470, 0, 0.63%, 0, 0, 4, 45.61
1591132082, 1, 104, 562, 469, 0, 0.63%, 0, 0, 4, 45.75
1591132087, 1, 104, 564, 470, 0, 0.63%, 0, 0, 4, 44.64
1591132092, 1, 105, 571, 477, 0, 0.63%, 0, 0, 4, 44.45
1591132097, 1, 105, 572, 478, 0, 0.63%, 0, 0, 4, 46.43
1591132102, 1, 106, 572, 478, 0, 0.63%, 0, 0, 4, 47.20
1591132107, 1, 108, 572, 477, 0, 0.63%, 0, 0, 4, 46.96
1591132117, 1, 109, 572, 476, 0, 0.63%, 0, 0, 4, 47.11
1591132127, 1, 110, 572, 475, 0, 0.63%, 0, 0, 4, 47.70
1591132132, 1, 111, 573, 475, 0, 0.63%, 0, 0, 4, 46.77
1591132142, 1, 117, 573, 474, 0, 0.63%, 0, 0, 4, 44.81
1591132147, 1, 117, 574, 475, 0, 0.63%, 0, 0, 4, 44.44
1591132152, 1, 120, 574, 474, 0, 0.63%, 0, 0, 4, 44.60
1591132163, 1, 121, 574, 473, 0, 0.63%, 0, 0, 4, 44.69
1591132173, 1, 126, 575, 473, 0, 0.63%, 0, 0, 4, 45.12
1591132178, 1, 126, 578, 476, 0, 0.63%, 0, 0, 4, 44.69
1591132183, 1, 130, 578, 476, 0, 0.63%, 0, 0, 4, 44.92
1591132188, 1, 131, 578, 475, 0, 0.63%, 0, 0, 4, 45.05
1591132193, 1, 133, 578, 474, 0, 0.63%, 0, 0, 4, 45.10
1591132203, 1, 134, 578, 473, 0, 0.63%, 0, 0, 4, 45.77
1591132214, 1, 138, 578, 472, 0, 0.63%, 0, 0, 4, 46.01
1591132224, 1, 140, 578, 471, 0, 0.63%, 0, 0, 4, 46.52
1591132229, 1, 142, 578, 470, 0, 0.63%, 0, 0, 4, 46.00
1591132239, 1, 144, 578, 469, 0, 0.63%, 0, 0, 4, 44.22
1591132249, 1, 150, 578, 468, 0, 0.63%, 0, 0, 4, 45.74
1591132259, 1, 151, 578, 467, 0, 0.63%, 0, 0, 4, 43.27
1591132264, 1, 151, 579, 468, 0, 0.63%, 0, 0, 4, 44.93
1591132269, 1, 153, 585, 473, 0, 0.63%, 0, 0, 4, 43.55
1591132280, 1, 155, 585, 472, 0, 0.63%, 0, 0, 4, 45.28
1591132290, 1, 159, 585, 471, 0, 0.63%, 0, 0, 4, 46.14
1591132295, 1, 160, 585, 471, 0, 0.63%, 0, 0, 4, 45.08
1591132300, 1, 160, 586, 472, 0, 0.63%, 0, 0, 4, 44.85
1591132305, 1, 162, 589, 475, 0, 0.63%, 0, 0, 4, 46.22
1591132315, 1, 163, 594, 479, 0, 0.63%, 0, 0, 4, 46.69
1591132325, 1, 165, 594, 479, 0, 0.63%, 0, 0, 4, 46.25
1591132336, 1, 167, 594, 478, 0, 0.63%, 0, 0, 4, 41.18
1591132346, 1, 169, 594, 477, 0, 0.63%, 0, 0, 4, 44.31
1591132351, 1, 169, 595, 478, 0, 0.63%, 0, 0, 4, 46.00
1591132356, 1, 172, 595, 477, 0, 0.63%, 0, 0, 4, 39.38
1591132366, 1, 177, 596, 477, 0, 0.63%, 0, 0, 4, 46.43
1591132371, 1, 177, 598, 479, 0, 0.63%, 0, 0, 4, 44.75
1591132376, 1, 178, 598, 478, 0, 0.63%, 0, 0, 4, 39.57
1591132386, 1, 179, 598, 477, 0, 0.63%, 0, 0, 4, 41.25
1591132396, 1, 191, 598, 476, 0, 0.63%, 0, 0, 4, 40.31
1591132407, 1, 195, 598, 475, 0, 0.63%, 0, 0, 4, 41.38
1591132417, 1, 196, 607, 484, 0, 0.63%, 0, 0, 4, 41.09
1591132427, 1, 202, 607, 483, 0, 0.63%, 0, 0, 4, 46.35
1591132437, 1, 207, 607, 482, 0, 0.63%, 0, 0, 4, 46.94
1591132442, 1, 208, 607, 482, 0, 0.63%, 0, 0, 4, 46.08
1591132452, 1, 208, 611, 486, 0, 0.63%, 0, 0, 4, 46.37
1591132457, 1, 208, 612, 487, 0, 0.63%, 0, 0, 4, 47.27
1591132462, 1, 209, 613, 487, 0, 0.63%, 0, 0, 4, 47.06
1591132472, 1, 209, 615, 488, 0, 0.63%, 0, 0, 4, 45.31
1591132477, 1, 214, 618, 491, 0, 0.63%, 0, 0, 4, 45.54
1591132482, 1, 217, 618, 491, 0, 0.63%, 0, 0, 4, 43.56
1591132493, 1, 218, 618, 491, 0, 0.63%, 0, 0, 4, 42.56
1591132498, 1, 220, 618, 490, 0, 0.63%, 0, 0, 4, 46.30
1591132508, 1, 222, 618, 489, 0, 0.63%, 0, 0, 4, 45.76
1591132518, 1, 222, 622, 493, 0, 0.63%, 0, 0, 4, 45.09
1591132523, 1, 227, 624, 495, 0, 0.63%, 0, 0, 4, 46.09
1591132528, 1, 233, 625, 495, 0, 0.63%, 0, 0, 4, 45.21
1591132538, 1, 237, 625, 494, 0, 0.63%, 0, 0, 4, 44.11
1591132548, 1, 238, 625, 494, 0, 0.63%, 0, 0, 4, 42.90
1591132558, 1, 239, 625, 494, 0, 0.63%, 0, 0, 4, 46.26
1591132564, 1, 378, 628, 497, 1, 0.63%, 0, 0, 4, 45.64
1591132569, 1, 378, 631, 500, 1, 0.63%, 0, 0, 4, 45.95
1591132579, 1, 388, 631, 499, 1, 0.63%, 0, 0, 4, 43.35
1591132584, 1, 500, 632, 500, 1, 0.63%, 0, 0, 4, 44.22
1591132589, 1, 500, 633, 501, 1, 0.63%, 0, 0, 4, 44.22
1591132599, 1, 500, 634, 502, 1, 0.63%, 0, 0, 4, 43.86
1591132604, 1, 500, 637, 505, 1, 0.63%, 0, 0, 4, 43.42
1591132609, 1, 500, 639, 507, 1, 0.63%, 0, 0, 4, 42.28
1591132619, 1, 522, 639, 506, 1, 0.63%, 0, 0, 4, 42.86
1591132645, 1, 578, 639, 505, 1, 0.63%, 0, 0, 4, 40.91
1591132655, 1, 578, 640, 506, 1, 0.63%, 0, 0, 4, 41.78
1591132675, 1, 578, 643, 509, 1, 0.63%, 0, 0, 4, 40.01
1591132681, 1, 578, 648, 513, 1, 0.63%, 0, 0, 4, 40.60
1591132686, 1, 620, 652, 517, 1, 0.63%, 0, 0, 4, 42.13
1591132691, 1, 620, 653, 518, 1, 0.63%, 0, 0, 4, 42.23
1591132711, 1, 626, 654, 518, 1, 0.63%, 0, 0, 4, 44.10
1591132721, 1, 626, 655, 519, 1, 0.63%, 0, 0, 4, 44.77
1591132747, 1, 634, 655, 518, 0, 0.63%, 0, 0, 4, 43.33
1591132782, 1, 637, 655, 517, 0, 0.63%, 0, 0, 4, 43.13
1591132797, 1, 637, 656, 518, 0, 0.63%, 0, 0, 4, 42.90
1591132818, 1, 637, 657, 519, 0, 0.63%, 0, 0, 4, 40.01
1591132823, 1, 637, 660, 522, 0, 0.63%, 0, 0, 4, 39.09
1591132828, 1, 637, 661, 523, 0, 0.63%, 0, 0, 4, 41.43
1591132838, 1, 639, 661, 522, 0, 0.63%, 0, 0, 4, 42.25
1591132843, 1, 639, 662, 523, 0, 0.63%, 0, 0, 5, 43.37
1591132889, 1, 639, 666, 526, 0, 0.63%, 0, 0, 5, 41.67
1591132894, 1, 646, 671, 531, 0, 0.63%, 0, 0, 5, 41.26
1591132904, 1, 646, 672, 532, 0, 0.63%, 0, 0, 5, 43.62
1591132914, 1, 652, 672, 531, 0, 0.63%, 0, 0, 5, 42.34
1591132924, 1, 652, 673, 532, 0, 0.63%, 0, 0, 5, 41.08
1591132934, 1, 652, 674, 533, 0, 0.63%, 0, 0, 5, 43.08
1591132939, 1, 654, 675, 533, 0, 0.63%, 0, 0, 5, 42.89
1591132944, 1, 654, 676, 534, 0, 0.63%, 0, 0, 5, 43.72
1591132949, 1, 654, 677, 535, 0, 0.63%, 0, 0, 5, 44.23
1591132959, 1, 654, 678, 536, 0, 0.63%, 0, 0, 5, 43.29
1591132985, 1, 654, 679, 537, 0, 0.63%, 0, 0, 5, 44.03
1591133010, 1, 654, 680, 538, 0, 0.63%, 0, 0, 5, 43.52
1591133045, 1, 659, 680, 537, 0, 0.63%, 0, 0, 5, 44.04
1591133056, 1, 659, 682, 539, 0, 0.63%, 0, 0, 5, 44.60
1591133071, 1, 659, 683, 540, 0, 0.63%, 0, 0, 5, 43.30
1591133086, 1, 659, 684, 541, 0, 0.63%, 0, 0, 5, 44.15
1591133122, 1, 659, 685, 542, 0, 0.63%, 0, 0, 5, 44.36
1591133142, 1, 660, 685, 541, 0, 0.63%, 0, 0, 5, 44.46
1591133172, 1, 660, 686, 542, 0, 0.63%, 0, 0, 5, 43.37
1591133177, 1, 664, 694, 549, 0, 0.63%, 0, 0, 5, 44.01
1591133187, 1, 664, 696, 551, 0, 0.63%, 0, 0, 5, 44.27
1591133203, 1, 664, 697, 552, 0, 0.63%, 0, 0, 5, 43.50
1591133233, 1, 664, 698, 553, 0, 0.63%, 0, 0, 5, 44.34
1591133289, 1, 665, 699, 553, 0, 0.63%, 0, 0, 5, 43.56
1591133304, 1, 665, 702, 556, 0, 0.63%, 0, 0, 5, 43.62
1591133309, 1, 665, 703, 557, 0, 0.63%, 0, 0, 5, 44.08
1591133360, 1, 665, 704, 558, 0, 0.63%, 0, 0, 5, 43.83
1591133370, 1, 665, 705, 559, 0, 0.63%, 0, 0, 5, 43.91
1591133390, 1, 669, 705, 558, 0, 0.63%, 0, 0, 5, 44.27
1591133405, 1, 669, 706, 559, 0, 0.63%, 0, 0, 5, 43.34
1591133410, 1, 670, 706, 558, 0, 0.63%, 0, 0, 5, 42.67
1591133415, 1, 670, 708, 560, 0, 0.63%, 0, 0, 5, 43.31
1591133446, 1, 673, 708, 559, 0, 0.63%, 0, 0, 5, 42.49
1591133466, 1, 673, 710, 561, 0, 0.63%, 0, 0, 5, 44.40
1591133512, 1, 673, 719, 569, 0, 0.63%, 0, 0, 5, 47.38
1591133517, 1, 678, 723, 573, 0, 0.63%, 0, 0, 5, 49.30
1591133522, 1, 678, 724, 574, 0, 0.63%, 0, 0, 5, 49.31
1591133537, 1, 680, 724, 573, 0, 0.63%, 0, 0, 5, 49.87
1591133547, 1, 680, 725, 574, 0, 0.63%, 0, 0, 5, 49.42
1591133557, 1, 680, 726, 575, 0, 0.63%, 0, 0, 5, 49.09
1591133562, 1, 680, 727, 576, 0, 0.63%, 0, 0, 5, 49.29
1591133583, 1, 680, 728, 577, 0, 0.63%, 0, 0, 5, 49.15
1591133638, 1, 686, 728, 576, 0, 0.63%, 0, 0, 5, 49.74
1591133674, 1, 687, 728, 575, 0, 0.63%, 0, 0, 5, 49.40
1591133684, 1, 687, 729, 576, 0, 0.63%, 0, 0, 5, 49.40
1591133714, 1, 688, 729, 575, 0, 0.63%, 0, 0, 5, 49.47
1591133719, 1, 688, 730, 576, 0, 0.63%, 0, 0, 5, 49.59
1591133739, 1, 693, 735, 580, 0, 0.63%, 0, 0, 5, 49.87
1591133754, 1, 693, 736, 581, 0, 0.63%, 0, 0, 5, 49.23
1591133780, 1, 695, 736, 580, 0, 0.63%, 0, 0, 5, 49.71
1591133790, 1, 695, 737, 581, 0, 0.63%, 0, 0, 5, 49.45
1591133805, 1, 703, 737, 580, 0, 0.63%, 0, 0, 5, 46.44
1591133846, 1, 707, 737, 579, 0, 0.63%, 0, 0, 5, 41.26
1591133871, 1, 709, 737, 578, 0, 0.63%, 0, 0, 5, 41.10
1591133892, 1, 709, 738, 579, 0, 0.63%, 0, 0, 5, 41.58
1591133958, 1, 713, 744, 584, 0, 0.63%, 0, 0, 5, 41.60
1591133998, 1, 717, 744, 583, 0, 0.63%, 0, 0, 5, 42.04
1591134019, 1, 718, 744, 582, 0, 0.63%, 0, 0, 5, 41.26
1591134060, 1, 741, 744, 581, 0, 0.63%, 0, 0, 5, 41.28
1591134085, 2, 1, 745, 581, 0, 0.63%, 0, 0, 5, 42.25
1591134090, 2, 1, 748, 584, 0, 0.63%, 0, 0, 5, 41.46
1591134095, 2, 1, 751, 587, 0, 0.64%, 0, 0, 5, 41.61
1591134100, 2, 526, 754, 589, 1, 0.64%, 0, 0, 5, 41.82
1591134115, 2, 526, 757, 592, 1, 0.64%, 0, 0, 5, 41.15
1591134126, 2, 526, 758, 593, 1, 0.64%, 0, 0, 5, 41.24
1591134131, 2, 639, 759, 593, 1, 0.64%, 0, 0, 5, 41.33
1591134151, 2, 639, 768, 602, 1, 0.64%, 0, 0, 5, 41.02
1591134156, 2, 639, 772, 606, 1, 0.64%, 0, 0, 5, 41.18
1591134161, 2, 639, 775, 609, 1, 0.64%, 0, 0, 5, 40.78
1591134166, 2, 639, 784, 618, 1, 0.64%, 0, 0, 5, 40.30
1591134171, 2, 639, 792, 626, 1, 0.64%, 0, 0, 5, 39.96
1591134176, 2, 639, 796, 630, 1, 0.64%, 0, 0, 5, 34.96
1591134182, 2, 639, 799, 633, 1, 0.64%, 1, 0, 5, 38.03
1591134187, 2, 647, 799, 633, 1, 0.64%, 1, 0, 5, 40.94
1591134202, 2, 647, 800, 634, 1, 0.64%, 1, 0, 5, 41.44
1591134207, 2, 647, 802, 636, 1, 0.64%, 1, 0, 5, 41.77
1591134222, 2, 750, 803, 636, 1, 0.64%, 1, 0, 5, 41.29
1591134243, 2, 750, 804, 637, 1, 0.64%, 7, 0, 5, 42.11
1591134248, 2, 750, 804, 637, 1, 0.64%, 11, 0, 5, 38.35
1591134253, 2, 750, 804, 637, 1, 0.64%, 15, 0, 5, 40.78
1591134263, 2, 750, 804, 637, 1, 0.64%, 18, 0, 5, 41.50
1591134268, 2, 751, 804, 636, 0, 0.64%, 18, 0, 5, 40.69
1591134304, 2, 751, 806, 638, 0, 0.64%, 18, 0, 5, 41.39
1591134309, 2, 751, 810, 642, 0, 0.64%, 18, 0, 5, 41.24
1591134314, 2, 751, 812, 644, 0, 0.64%, 19, 0, 5, 39.23
1591134319, 2, 751, 815, 647, 0, 0.64%, 19, 0, 5, 38.29
1591134324, 2, 751, 818, 650, 0, 0.64%, 19, 0, 5, 40.53
1591134329, 2, 751, 820, 652, 0, 0.64%, 19, 0, 5, 41.00
1591134340, 2, 751, 820, 652, 0, 0.64%, 20, 0, 5, 41.17
1591134350, 2, 751, 821, 653, 0, 0.64%, 20, 0, 5, 37.54
1591134355, 2, 751, 822, 654, 0, 0.64%, 20, 0, 5, 38.34
1591134360, 2, 751, 823, 655, 0, 0.64%, 20, 0, 5, 40.72
1591134365, 2, 751, 823, 655, 0, 0.64%, 21, 0, 5, 41.67
1591134380, 2, 751, 824, 656, 0, 0.64%, 21, 0, 5, 41.49
1591134391, 2, 751, 825, 657, 0, 0.64%, 21, 0, 5, 39.46
1591134401, 2, 751, 828, 660, 0, 0.64%, 22, 0, 5, 41.40
1591134406, 2, 751, 831, 663, 0, 0.64%, 24, 0, 5, 40.22
1591134411, 2, 751, 831, 663, 0, 0.64%, 25, 0, 5, 40.41
1591134416, 2, 751, 848, 679, 0, 0.64%, 25, 0, 5, 39.88
1591134421, 2, 751, 860, 691, 0, 0.64%, 25, 0, 5, 34.12
1591134426, 2, 753, 871, 702, 0, 0.64%, 25, 0, 5, 36.91
1591134437, 2, 753, 874, 705, 0, 0.64%, 25, 0, 5, 41.70
1591134442, 2, 753, 875, 706, 0, 0.64%, 25, 0, 5, 41.37
1591134452, 2, 753, 876, 707, 0, 0.64%, 25, 1, 5, 2.09
1591134462, 2, 753, 877, 708, 0, 0.64%, 25, 1, 5, 39.83
1591134467, 2, 753, 877, 708, 0, 0.64%, 26, 1, 5, 42.90
1591134487, 2, 753, 877, 708, 0, 0.64%, 27, 1, 5, 45.14
1591134497, 2, 753, 878, 709, 0, 0.64%, 27, 1, 5, 44.00
