# unix_time, cycles_done, cur_path, paths_total, pending_total, pending_favs, map_size, unique_crashes, unique_hangs, max_depth, execs_per_sec
1591130851, 0, 0, 1, 1, 1, 0.25%, 0, 0, 1, 60.61
1591130856, 0, 0, 18, 18, 1, 0.31%, 0, 0, 2, 57.14
1591130861, 0, 0, 30, 30, 1, 0.32%, 0, 0, 2, 51.49
1591130866, 0, 0, 42, 42, 1, 0.34%, 0, 0, 2, 48.80
1591130871, 0, 0, 55, 55, 1, 0.35%, 0, 0, 2, 48.06
1591130877, 0, 0, 57, 57, 1, 0.35%, 0, 0, 2, 48.34
1591130882, 0, 0, 59, 59, 1, 0.36%, 0, 0, 2, 47.14
1591130887, 0, 0, 61, 61, 1, 0.36%, 0, 0, 2, 48.05
1591130892, 0, 0, 62, 62, 1, 0.36%, 0, 0, 2, 47.98
1591130897, 0, 0, 63, 63, 1, 0.36%, 0, 0, 2, 48.02
1591130902, 0, 0, 65, 65, 1, 0.38%, 0, 0, 2, 47.59
1591130907, 0, 0, 66, 66, 1, 0.38%, 0, 0, 2, 47.25
1591130912, 0, 0, 67, 67, 1, 0.38%, 0, 0, 2, 47.58
1591130917, 0, 0, 68, 68, 1, 0.38%, 0, 0, 2, 47.41
1591130922, 0, 0, 78, 78, 1, 0.42%, 0, 0, 2, 47.47
1591130927, 0, 0, 80, 80, 1, 0.42%, 0, 0, 2, 47.13
1591130968, 0, 0, 81, 81, 1, 0.42%, 0, 0, 2, 44.87
1591131054, 0, 0, 83, 83, 1, 0.42%, 0, 0, 2, 46.02
1591131060, 0, 0, 87, 87, 1, 0.43%, 0, 0, 2, 46.15
1591131065, 0, 0, 89, 89, 1, 0.43%, 0, 0, 2, 46.03
1591131075, 0, 0, 91, 91, 1, 0.43%, 0, 0, 2, 46.08
1591131080, 0, 0, 92, 92, 1, 0.43%, 0, 0, 2, 46.34
1591131167, 0, 0, 94, 94, 1, 0.43%, 0, 0, 2, 50.75
1591131234, 0, 0, 95, 95, 1, 0.43%, 0, 0, 2, 46.17
1591131239, 0, 0, 96, 96, 1, 0.43%, 0, 0, 2, 46.18
1591131249, 0, 0, 107, 107, 1, 0.44%, 0, 0, 2, 45.95
1591131254, 0, 0, 124, 124, 1, 0.46%, 0, 0, 2, 45.99
1591131259, 0, 0, 139, 139, 1, 0.47%, 0, 0, 2, 46.13
1591131264, 0, 0, 153, 153, 1, 0.48%, 0, 0, 2, 45.83
1591131270, 0, 0, 161, 161, 1, 0.48%, 0, 0, 2, 45.61
1591131275, 0, 0, 167, 167, 1, 0.48%, 0, 0, 2, 45.13
1591131280, 0, 0, 171, 171, 1, 0.49%, 0, 0, 2, 45.12
1591131285, 0, 0, 174, 174, 1, 0.49%, 0, 0, 2, 44.90
1591131290, 0, 0, 179, 179, 1, 0.51%, 0, 0, 2, 44.79
1591131295, 0, 0, 183, 183, 1, 0.53%, 0, 0, 2, 45.43
1591131300, 0, 0, 187, 187, 1, 0.53%, 0, 0, 2, 45.40
1591131305, 0, 0, 189, 189, 1, 0.53%, 0, 0, 2, 45.53
1591131310, 0, 0, 192, 192, 1, 0.53%, 0, 0, 2, 45.63
1591131315, 0, 0, 195, 195, 1, 0.53%, 0, 0, 2, 45.99
1591131320, 0, 0, 197, 197, 1, 0.53%, 0, 0, 2, 45.93
1591131326, 0, 0, 200, 200, 1, 0.53%, 0, 0, 2, 46.04
1591131331, 0, 0, 202, 202, 1, 0.53%, 0, 0, 2, 45.43
1591131341, 0, 0, 204, 204, 1, 0.54%, 0, 0, 2, 44.11
1591131346, 0, 0, 205, 205, 1, 0.54%, 0, 0, 2, 45.49
1591131351, 0, 0, 210, 210, 1, 0.54%, 0, 0, 2, 45.48
1591131356, 0, 0, 211, 211, 1, 0.54%, 0, 0, 2, 45.61
1591131361, 0, 0, 212, 212, 1, 0.54%, 0, 0, 2, 45.59
1591131366, 0, 0, 213, 213, 1, 0.54%, 0, 0, 2, 45.50
1591131371, 0, 0, 215, 215, 1, 0.54%, 0, 0, 2, 44.87
1591131377, 0, 0, 218, 218, 1, 0.55%, 0, 0, 2, 45.46
1591131387, 0, 0, 219, 219, 1, 0.55%, 0, 0, 2, 43.09
1591131392, 0, 0, 221, 221, 1, 0.55%, 0, 0, 2, 43.52
1591131397, 0, 0, 223, 223, 1, 0.55%, 0, 0, 2, 45.07
1591131402, 0, 0, 225, 225, 1, 0.55%, 0, 0, 2, 45.86
1591131407, 0, 0, 227, 227, 1, 0.55%, 0, 0, 2, 45.83
1591131412, 0, 0, 230, 230, 1, 0.55%, 0, 0, 2, 45.29
1591131417, 0, 0, 232, 232, 1, 0.55%, 0, 0, 2, 46.11
1591131422, 0, 0, 234, 234, 1, 0.55%, 0, 0, 2, 46.44
1591131443, 0, 0, 235, 235, 1, 0.55%, 0, 0, 2, 46.19
1591131448, 0, 0, 237, 237, 1, 0.55%, 0, 0, 2, 46.06
1591131453, 0, 0, 240, 240, 1, 0.55%, 0, 0, 2, 46.48
1591131458, 0, 0, 241, 241, 1, 0.55%, 0, 0, 2, 46.30
1591131464, 0, 0, 242, 242, 1, 0.55%, 0, 0, 2, 46.21
1591131469, 0, 0, 243, 243, 1, 0.55%, 0, 0, 2, 46.09
1591131479, 0, 0, 244, 244, 1, 0.56%, 0, 0, 2, 45.91
1591131484, 0, 0, 245, 245, 1, 0.56%, 0, 0, 2, 46.17
1591131489, 0, 0, 246, 246, 1, 0.56%, 0, 0, 2, 45.70
1591131499, 0, 0, 247, 247, 1, 0.56%, 0, 0, 2, 46.16
1591131504, 0, 0, 248, 248, 1, 0.56%, 0, 0, 2, 45.90
1591131510, 0, 0, 249, 249, 1, 0.56%, 0, 0, 2, 45.95
1591131515, 0, 0, 250, 250, 1, 0.56%, 0, 0, 2, 44.94
1591131535, 0, 0, 251, 251, 1, 0.56%, 0, 0, 2, 50.90
1591131540, 0, 0, 252, 252, 1, 0.56%, 0, 0, 2, 50.94
1591131545, 0, 0, 254, 254, 1, 0.56%, 0, 0, 2, 51.10
1591131550, 0, 0, 255, 255, 1, 0.56%, 0, 0, 2, 51.18
1591131555, 0, 0, 256, 256, 1, 0.56%, 0, 0, 2, 51.15
1591131561, 0, 0, 257, 257, 1, 0.56%, 0, 0, 2, 51.24
1591131571, 0, 0, 258, 258, 1, 0.56%, 0, 0, 2, 50.90
1591131581, 0, 0, 260, 260, 1, 0.56%, 0, 0, 2, 51.21
1591131596, 0, 0, 261, 261, 1, 0.56%, 0, 0, 2, 51.46
1591131607, 0, 0, 263, 263, 1, 0.56%, 0, 0, 2, 51.34
1591131612, 0, 0, 264, 264, 1, 0.57%, 0, 0, 2, 51.35
1591131622, 0, 0, 265, 265, 1, 0.57%, 0, 0, 2, 51.05
1591131627, 0, 0, 285, 284, 0, 0.60%, 0, 0, 2, 50.90
1591131632, 0, 0, 312, 311, 0, 0.62%, 0, 0, 2, 51.03
1591131637, 0, 0, 338, 337, 0, 0.63%, 0, 0, 2, 50.88
1591131642, 0, 0, 362, 361, 0, 0.63%, 0, 0, 2, 50.55
1591131647, 0, 0, 386, 385, 0, 0.63%, 0, 0, 2, 50.98
1591131652, 0, 0, 410, 409, 0, 0.63%, 0, 0, 2, 51.05
1591131657, 0, 0, 432, 431, 0, 0.63%, 0, 0, 2, 51.18
1591131663, 0, 0, 448, 447, 0, 0.63%, 0, 0, 2, 51.17
1591131668, 0, 0, 451, 450, 0, 0.63%, 0, 0, 2, 51.18
1591131673, 0, 0, 453, 452, 0, 0.63%, 0, 0, 2, 51.20
1591131678, 0, 0, 454, 453, 0, 0.63%, 0, 0, 2, 51.12
1591131683, 0, 114, 454, 453, 47, 0.63%, 0, 0, 2, 51.01
1591131913, 0, 116, 454, 452, 46, 0.63%, 0, 0, 2, 38.77
1591132005, 0, 117, 454, 451, 45, 0.63%, 0, 0, 2, 43.22
1591132055, 0, 142, 454, 450, 44, 0.63%, 0, 0, 2, 47.69
1591132324, 0, 173, 454, 449, 43, 0.63%, 0, 0, 2, 45.84
1591132467, 0, 173, 460, 454, 42, 0.63%, 0, 0, 2, 45.33
1591132472, 0, 173, 487, 481, 42, 0.63%, 0, 0, 2, 47.67
1591132477, 0, 173, 512, 506, 42, 0.63%, 0, 0, 2, 46.88
1591132482, 0, 173, 534, 528, 42, 0.63%, 0, 0, 2, 45.02
1591132487, 0, 173, 549, 543, 42, 0.63%, 0, 0, 2, 43.77
1591132493, 0, 173, 553, 547, 42, 0.63%, 0, 0, 2, 42.61
1591132498, 0, 174, 553, 547, 45, 0.63%, 0, 0, 2, 46.51
1591132518, 0, 179, 553, 546, 44, 0.63%, 0, 0, 2, 46.65
1591132604, 0, 206, 553, 545, 43, 0.63%, 0, 0, 2, 43.07
1591132675, 0, 227, 553, 544, 42, 0.63%, 0, 0, 2, 39.90
1591132853, 0, 233, 553, 543, 41, 0.63%, 0, 0, 2, 43.18
1591132985, 0, 233, 568, 557, 40, 0.63%, 0, 0, 2, 43.76
1591132990, 0, 233, 592, 581, 40, 0.63%, 0, 0, 2, 44.34
1591132995, 0, 233, 604, 593, 40, 0.63%, 0, 0, 2, 44.91
1591133000, 0, 235, 604, 593, 40, 0.63%, 0, 0, 2, 45.39
1591133020, 0, 237, 604, 592, 39, 0.63%, 0, 0, 2, 42.85
1591133056, 0, 240, 604, 591, 38, 0.63%, 0, 0, 2, 45.82
1591133172, 0, 242, 604, 590, 37, 0.63%, 0, 0, 2, 44.78
1591133492, 0, 290, 604, 589, 36, 0.63%, 0, 0, 2, 45.08
1591133593, 0, 290, 610, 594, 35, 0.63%, 0, 0, 2, 50.01
1591133598, 0, 290, 637, 621, 35, 0.63%, 0, 0, 2, 49.60
1591133603, 0, 292, 641, 625, 35, 0.63%, 0, 0, 2, 50.01
1591133816, 0, 293, 641, 624, 34, 0.63%, 0, 0, 2, 42.75
1591133856, 0, 295, 641, 623, 34, 0.63%, 0, 0, 2, 42.15
1591134131, 0, 296, 641, 622, 33, 0.63%, 0, 0, 2, 41.84
1591134227, 0, 298, 641, 621, 32, 0.63%, 0, 0, 2, 41.89
