# unix_time, cycles_done, cur_path, paths_total, pending_total, pending_favs, map_size, unique_crashes, unique_hangs, max_depth, execs_per_sec
1591125730, 0, 0, 1, 1, 1, 0.22%, 0, 0, 1, 42.11
1591125735, 0, 0, 20, 20, 1, 0.33%, 0, 0, 2, 41.79
1591125740, 0, 0, 39, 39, 1, 0.37%, 0, 0, 2, 40.77
1591125745, 0, 0, 55, 55, 1, 0.40%, 0, 0, 2, 41.75
1591125750, 0, 0, 67, 67, 1, 0.41%, 0, 0, 2, 41.19
1591125756, 0, 0, 75, 75, 1, 0.42%, 0, 0, 2, 41.62
1591125761, 0, 0, 86, 86, 1, 0.43%, 0, 0, 2, 40.40
1591125766, 0, 0, 91, 91, 1, 0.43%, 0, 0, 2, 41.49
1591125771, 0, 0, 98, 98, 1, 0.43%, 1, 0, 2, 42.95
1591125776, 0, 0, 103, 103, 1, 0.44%, 1, 0, 2, 43.57
1591125781, 0, 0, 109, 109, 1, 0.47%, 1, 0, 2, 43.59
1591125786, 0, 0, 112, 112, 1, 0.48%, 2, 0, 2, 43.16
1591125791, 0, 0, 118, 118, 1, 0.48%, 2, 0, 2, 43.21
1591125796, 0, 0, 123, 123, 1, 0.49%, 2, 0, 2, 45.01
1591125801, 0, 0, 124, 124, 1, 0.49%, 2, 0, 2, 45.85
1591125806, 0, 0, 140, 139, 0, 0.51%, 2, 0, 2, 41.23
1591125812, 0, 0, 159, 158, 0, 0.53%, 2, 0, 2, 43.64
1591125817, 0, 0, 167, 166, 0, 0.53%, 2, 0, 2, 41.63
1591125822, 0, 0, 181, 180, 0, 0.54%, 2, 0, 2, 44.20
1591125827, 0, 5, 193, 192, 48, 0.56%, 2, 0, 3, 45.51
1591125832, 0, 5, 199, 198, 48, 0.57%, 3, 0, 3, 46.69
1591125837, 0, 5, 205, 204, 48, 0.58%, 5, 0, 3, 47.55
1591125842, 0, 5, 212, 211, 48, 0.58%, 7, 0, 3, 47.63
1591125847, 0, 5, 220, 219, 48, 0.58%, 9, 0, 3, 47.12
1591125852, 0, 5, 224, 223, 48, 0.58%, 10, 0, 3, 48.15
1591125857, 0, 19, 224, 222, 54, 0.58%, 10, 0, 3, 48.30
1591125862, 0, 19, 227, 225, 54, 0.58%, 11, 0, 3, 47.57
1591125868, 0, 19, 235, 233, 54, 0.58%, 12, 0, 3, 47.38
1591125873, 0, 19, 237, 235, 54, 0.58%, 13, 0, 3, 46.66
1591125878, 0, 19, 244, 242, 54, 0.58%, 13, 0, 3, 45.99
1591125883, 0, 19, 254, 252, 54, 0.59%, 15, 0, 3, 46.01
1591125888, 0, 19, 257, 255, 54, 0.59%, 16, 0, 3, 47.34
1591125893, 0, 31, 259, 256, 51, 0.59%, 17, 0, 3, 47.66
1591125898, 0, 31, 265, 262, 51, 0.59%, 18, 0, 3, 47.92
1591125903, 0, 31, 268, 265, 51, 0.59%, 19, 0, 3, 47.87
1591125908, 0, 31, 271, 268, 51, 0.59%, 21, 0, 3, 48.21
1591125914, 0, 49, 274, 270, 51, 0.59%, 21, 0, 3, 48.14
1591125919, 0, 49, 278, 274, 51, 0.59%, 22, 0, 3, 48.25
1591125929, 0, 50, 290, 284, 49, 0.59%, 22, 0, 3, 47.85
1591125934, 0, 50, 306, 300, 49, 0.59%, 22, 0, 3, 47.88
1591125939, 0, 53, 315, 309, 48, 0.59%, 22, 0, 3, 47.81
1591125944, 0, 57, 319, 312, 47, 0.59%, 22, 0, 3, 48.00
1591125950, 0, 57, 323, 316, 47, 0.59%, 22, 0, 3, 48.32
1591125955, 0, 57, 324, 317, 47, 0.59%, 23, 0, 3, 48.11
1591125960, 0, 60, 326, 318, 46, 0.59%, 25, 0, 3, 48.06
1591125965, 0, 60, 327, 319, 46, 0.59%, 25, 0, 3, 47.93
1591125970, 0, 61, 327, 318, 45, 0.59%, 25, 0, 3, 47.77
1591125975, 0, 70, 327, 317, 44, 0.59%, 25, 0, 3, 48.08
1591125980, 0, 70, 333, 322, 43, 0.59%, 25, 0, 3, 47.77
1591125985, 0, 71, 336, 325, 43, 0.59%, 25, 0, 3, 48.05
1591125990, 0, 83, 336, 324, 43, 0.59%, 25, 0, 3, 47.74
1591125996, 0, 100, 336, 323, 42, 0.59%, 26, 0, 3, 48.13
1591126001, 0, 100, 341, 328, 42, 0.59%, 26, 0, 3, 47.99
1591126006, 0, 100, 343, 330, 42, 0.59%, 26, 0, 3, 47.53
1591126011, 0, 100, 345, 332, 42, 0.59%, 27, 0, 3, 47.35
1591126016, 0, 102, 345, 331, 41, 0.59%, 27, 0, 3, 47.82
1591126021, 0, 110, 345, 330, 40, 0.59%, 27, 0, 3, 48.20
1591126026, 0, 110, 346, 331, 40, 0.59%, 28, 0, 3, 47.69
1591126031, 0, 121, 364, 348, 38, 0.59%, 28, 0, 3, 48.32
1591126036, 0, 121, 364, 348, 38, 0.59%, 30, 0, 3, 48.25
1591126041, 0, 124, 364, 347, 37, 0.59%, 30, 0, 3, 48.22
1591126047, 0, 134, 366, 348, 36, 0.59%, 30, 0, 3, 48.03
1591126052, 0, 146, 366, 347, 35, 0.59%, 30, 0, 3, 48.27
1591126057, 0, 150, 366, 346, 34, 0.59%, 30, 0, 3, 48.36
1591126062, 0, 150, 367, 347, 34, 0.59%, 30, 0, 3, 46.93
1591126067, 0, 150, 382, 361, 34, 0.59%, 30, 0, 3, 47.74
1591126072, 0, 154, 387, 366, 35, 0.59%, 32, 0, 3, 48.24
1591126077, 0, 155, 387, 365, 34, 0.59%, 33, 0, 3, 48.14
1591126082, 0, 159, 387, 364, 33, 0.59%, 33, 0, 3, 48.19
1591126088, 0, 159, 390, 367, 33, 0.59%, 34, 0, 3, 47.72
1591126093, 0, 163, 390, 366, 32, 0.59%, 34, 0, 3, 47.83
1591126098, 0, 173, 391, 366, 31, 0.59%, 34, 0, 3, 47.88
1591126103, 0, 173, 393, 367, 30, 0.59%, 34, 0, 3, 47.44
1591126108, 0, 177, 401, 375, 30, 0.59%, 34, 0, 3, 46.89
1591126113, 0, 178, 401, 374, 29, 0.59%, 34, 0, 3, 46.96
1591126118, 0, 178, 402, 375, 29, 0.59%, 35, 0, 3, 46.73
1591126123, 0, 179, 403, 375, 28, 0.59%, 35, 0, 3, 50.95
1591126128, 0, 190, 403, 374, 27, 0.59%, 36, 0, 3, 51.91
1591126133, 0, 194, 403, 373, 26, 0.59%, 36, 0, 3, 51.60
1591126138, 0, 194, 410, 379, 25, 0.59%, 36, 0, 3, 51.89
1591126143, 0, 197, 412, 381, 27, 0.59%, 36, 0, 4, 51.93
1591126148, 0, 201, 412, 380, 26, 0.59%, 37, 0, 4, 51.97
1591126153, 0, 213, 412, 379, 25, 0.59%, 37, 0, 4, 51.90
1591126158, 0, 218, 412, 378, 25, 0.59%, 37, 0, 4, 51.60
1591126163, 0, 218, 412, 378, 25, 0.59%, 38, 0, 4, 52.23
1591126168, 0, 224, 413, 378, 24, 0.59%, 38, 0, 4, 52.37
1591126174, 0, 231, 419, 383, 22, 0.59%, 38, 0, 4, 52.05
1591126179, 0, 243, 419, 382, 21, 0.59%, 39, 0, 4, 52.19
1591126184, 0, 243, 421, 384, 21, 0.59%, 40, 0, 4, 52.26
1591126189, 0, 247, 421, 383, 23, 0.59%, 41, 0, 4, 52.29
1591126194, 0, 254, 421, 382, 22, 0.59%, 41, 0, 4, 52.07
1591126199, 0, 254, 421, 382, 22, 0.59%, 42, 0, 4, 51.48
1591126204, 0, 255, 421, 381, 21, 0.59%, 42, 0, 4, 50.77
1591126209, 0, 264, 425, 384, 20, 0.59%, 42, 0, 4, 51.91
1591126214, 0, 264, 427, 386, 20, 0.59%, 43, 0, 4, 52.47
1591126219, 0, 265, 427, 385, 19, 0.59%, 43, 0, 4, 52.15
1591126224, 0, 266, 428, 385, 18, 0.59%, 43, 0, 4, 50.95
1591126229, 0, 268, 428, 384, 17, 0.59%, 43, 0, 4, 51.57
1591126234, 0, 272, 428, 383, 16, 0.59%, 43, 0, 4, 52.03
1591126239, 0, 272, 432, 386, 15, 0.59%, 43, 0, 4, 52.21
1591126244, 0, 284, 441, 395, 15, 0.59%, 43, 0, 4, 52.55
1591126249, 0, 288, 442, 395, 15, 0.59%, 44, 0, 4, 52.58
1591126255, 0, 306, 442, 394, 15, 0.59%, 44, 0, 4, 52.35
1591126260, 0, 309, 442, 393, 14, 0.59%, 44, 0, 4, 51.46
1591126270, 0, 330, 442, 392, 14, 0.59%, 44, 0, 4, 52.18
1591126275, 0, 353, 448, 397, 13, 0.59%, 44, 0, 4, 52.53
1591126280, 0, 353, 449, 398, 13, 0.59%, 44, 0, 4, 52.64
1591126285, 0, 358, 449, 397, 12, 0.59%, 45, 0, 4, 52.44
1591126290, 0, 405, 450, 397, 11, 0.59%, 47, 0, 4, 52.77
1591126295, 0, 412, 451, 397, 10, 0.59%, 47, 0, 4, 52.51
1591126300, 0, 419, 451, 396, 9, 0.59%, 48, 0, 4, 52.11
1591126305, 0, 419, 452, 397, 9, 0.59%, 48, 0, 5, 52.48
1591126311, 0, 419, 456, 400, 8, 0.59%, 48, 0, 5, 52.71
1591126316, 0, 434, 464, 408, 8, 0.59%, 48, 0, 5, 52.22
1591126321, 0, 439, 464, 407, 9, 0.59%, 48, 0, 5, 52.23
1591126326, 0, 440, 464, 406, 8, 0.59%, 48, 0, 5, 52.57
1591126336, 0, 458, 464, 405, 7, 0.59%, 48, 0, 5, 51.78
1591126341, 0, 463, 464, 404, 6, 0.59%, 48, 0, 5, 51.93
1591126346, 1, 20, 467, 406, 5, 0.59%, 48, 0, 5, 52.27
1591126351, 1, 20, 467, 406, 5, 0.59%, 50, 0, 5, 52.53
1591126356, 1, 45, 467, 405, 5, 0.59%, 50, 0, 5, 52.70
1591126361, 1, 47, 467, 404, 5, 0.59%, 50, 0, 5, 52.42
1591126366, 1, 142, 468, 404, 4, 0.59%, 50, 0, 5, 52.28
1591126371, 1, 142, 472, 408, 4, 0.59%, 51, 0, 5, 52.17
1591126376, 1, 164, 473, 408, 3, 0.59%, 54, 0, 5, 52.22
1591126381, 1, 192, 480, 413, 2, 0.59%, 54, 0, 5, 52.48
1591126387, 1, 193, 480, 412, 2, 0.59%, 57, 0, 5, 52.09
1591126392, 1, 193, 481, 413, 2, 0.59%, 57, 0, 5, 52.41
1591126397, 1, 221, 481, 412, 1, 0.59%, 59, 0, 5, 52.53
1591126402, 1, 224, 482, 412, 0, 0.59%, 59, 0, 5, 52.16
1591126407, 1, 231, 489, 419, 0, 0.59%, 59, 0, 5, 52.31
1591126412, 1, 233, 489, 419, 0, 0.59%, 59, 0, 5, 52.47
1591126422, 1, 241, 492, 421, 0, 0.59%, 60, 0, 5, 45.17
1591126432, 1, 246, 493, 421, 0, 0.59%, 60, 0, 5, 43.18
1591126437, 1, 246, 497, 425, 0, 0.59%, 60, 0, 5, 40.74
1591126442, 1, 246, 497, 425, 0, 0.59%, 61, 0, 5, 43.10
1591126448, 1, 249, 497, 424, 0, 0.59%, 61, 0, 5, 44.25
1591126453, 1, 249, 502, 428, 0, 0.59%, 62, 0, 5, 44.19
1591126458, 1, 250, 507, 433, 0, 0.59%, 62, 0, 5, 44.35
1591126463, 1, 250, 507, 433, 0, 0.59%, 63, 0, 5, 44.18
1591126468, 1, 253, 507, 432, 0, 0.59%, 63, 0, 5, 41.77
1591126473, 1, 254, 508, 432, 0, 0.59%, 63, 0, 5, 41.03
1591126483, 1, 255, 509, 433, 0, 0.59%, 64, 0, 5, 44.45
1591126488, 1, 259, 509, 433, 0, 0.59%, 64, 0, 5, 44.57
1591126493, 1, 259, 512, 435, 0, 0.59%, 64, 0, 5, 43.99
1591126498, 1, 260, 512, 435, 0, 0.59%, 64, 0, 5, 44.20
1591126503, 1, 260, 513, 436, 0, 0.59%, 64, 0, 5, 39.78
1591126509, 1, 261, 514, 436, 0, 0.59%, 64, 0, 5, 41.14
1591126514, 1, 262, 514, 435, 0, 0.59%, 64, 0, 5, 43.45
1591126524, 1, 264, 515, 435, 0, 0.59%, 66, 0, 5, 43.90
1591126529, 1, 265, 517, 437, 0, 0.59%, 67, 0, 5, 43.99
1591126534, 1, 265, 519, 439, 0, 0.59%, 67, 0, 5, 44.20
1591126539, 1, 266, 523, 443, 0, 0.59%, 67, 0, 5, 40.61
1591126544, 1, 268, 523, 443, 0, 0.59%, 67, 0, 5, 41.23
1591126549, 1, 268, 524, 444, 0, 0.59%, 67, 0, 5, 43.59
1591126554, 1, 269, 524, 444, 0, 0.59%, 68, 0, 5, 44.25
1591126559, 1, 272, 524, 443, 0, 0.59%, 68, 0, 5, 43.85
1591126564, 1, 276, 524, 443, 0, 0.59%, 68, 0, 5, 44.46
1591126574, 1, 276, 529, 447, 0, 0.59%, 68, 0, 5, 39.53
1591126579, 1, 278, 533, 451, 0, 0.59%, 68, 0, 5, 41.99
1591126585, 1, 278, 534, 452, 0, 0.59%, 68, 0, 5, 44.02
1591126590, 1, 290, 534, 451, 1, 0.59%, 68, 0, 5, 43.88
1591126595, 1, 348, 534, 450, 1, 0.59%, 68, 0, 5, 43.48
1591126605, 1, 452, 534, 449, 1, 0.59%, 68, 0, 5, 43.85
1591126615, 2, 8, 534, 448, 1, 0.59%, 68, 0, 5, 42.40
1591126620, 2, 21, 541, 454, 1, 0.59%, 68, 0, 5, 44.14
1591126625, 2, 21, 541, 454, 1, 0.59%, 69, 0, 5, 45.24
1591126630, 2, 25, 541, 453, 0, 0.59%, 69, 0, 5, 44.78
1591126635, 2, 26, 541, 452, 0, 0.59%, 69, 0, 5, 44.53
1591126640, 2, 26, 543, 454, 0, 0.59%, 69, 0, 5, 45.27
1591126646, 2, 28, 543, 453, 0, 0.59%, 69, 0, 5, 40.74
1591126651, 2, 41, 543, 452, 0, 0.59%, 70, 0, 5, 42.88
1591126656, 2, 41, 543, 452, 0, 0.59%, 71, 0, 5, 44.98
1591126661, 2, 44, 553, 461, 0, 0.59%, 71, 0, 5, 44.98
1591126666, 2, 44, 554, 462, 0, 0.59%, 71, 0, 5, 44.56
1591126671, 2, 47, 554, 461, 0, 0.59%, 71, 0, 5, 45.41
1591126676, 2, 51, 555, 462, 0, 0.59%, 71, 0, 5, 45.22
1591126681, 2, 51, 557, 464, 0, 0.59%, 71, 0, 5, 40.22
1591126686, 2, 57, 561, 467, 0, 0.59%, 71, 0, 5, 42.75
1591126696, 2, 59, 563, 469, 0, 0.59%, 72, 0, 5, 45.59
1591126701, 2, 60, 564, 469, 0, 0.59%, 72, 0, 5, 44.82
1591126706, 2, 60, 566, 471, 0, 0.59%, 72, 0, 5, 44.34
1591126711, 2, 61, 566, 471, 0, 0.59%, 72, 0, 5, 45.03
1591126716, 2, 62, 566, 471, 0, 0.59%, 72, 0, 5, 40.96
1591126726, 2, 64, 569, 473, 0, 0.59%, 72, 0, 5, 44.88
1591126731, 2, 64, 573, 477, 0, 0.59%, 72, 0, 5, 45.57
1591126737, 2, 64, 576, 480, 0, 0.59%, 72, 0, 5, 45.05
1591126742, 2, 64, 579, 483, 0, 0.59%, 72, 0, 5, 45.49
1591126747, 2, 64, 585, 489, 0, 0.59%, 74, 0, 5, 45.99
1591126752, 2, 64, 588, 492, 0, 0.59%, 74, 0, 5, 40.96
1591126757, 2, 64, 591, 495, 0, 0.59%, 74, 0, 5, 44.40
1591126762, 2, 66, 591, 494, 0, 0.59%, 74, 0, 5, 45.23
1591126767, 2, 67, 592, 494, 0, 0.59%, 74, 0, 5, 45.17
1591126772, 2, 67, 594, 496, 0, 0.59%, 75, 0, 5, 45.34
1591126777, 2, 69, 594, 495, 0, 0.59%, 75, 0, 5, 44.87
1591126782, 2, 73, 595, 495, 0, 0.59%, 75, 0, 5, 45.09
1591126787, 2, 73, 596, 496, 0, 0.59%, 75, 0, 5, 41.60
1591126792, 2, 78, 600, 499, 0, 0.59%, 75, 0, 5, 43.32
1591126797, 2, 78, 604, 503, 0, 0.59%, 75, 0, 5, 46.11
1591126802, 2, 78, 608, 507, 0, 0.59%, 75, 0, 5, 44.80
1591126807, 2, 78, 609, 508, 0, 0.59%, 75, 0, 5, 45.84
1591126812, 2, 85, 609, 507, 0, 0.59%, 75, 0, 5, 45.19
1591126818, 2, 85, 611, 509, 0, 0.59%, 75, 0, 5, 43.93
1591126823, 2, 96, 611, 508, 0, 0.59%, 75, 0, 5, 41.61
1591126828, 2, 99, 611, 507, 0, 0.59%, 75, 0, 5, 44.38
1591126833, 2, 99, 614, 510, 0, 0.59%, 75, 0, 5, 45.31
1591126838, 2, 102, 614, 509, 0, 0.59%, 75, 0, 5, 44.68
1591126843, 2, 102, 619, 514, 0, 0.59%, 75, 0, 5, 44.87
1591126848, 2, 102, 621, 516, 0, 0.59%, 75, 0, 5, 45.94
1591126853, 2, 102, 624, 519, 0, 0.59%, 77, 0, 5, 43.05
1591126858, 2, 102, 635, 530, 0, 0.59%, 77, 0, 5, 40.95
1591126863, 2, 103, 646, 541, 0, 0.59%, 77, 0, 5, 42.81
1591126873, 2, 104, 646, 540, 0, 0.59%, 77, 0, 5, 44.36
1591126878, 2, 108, 648, 541, 0, 0.59%, 79, 0, 5, 44.96
1591126889, 2, 110, 648, 540, 0, 0.59%, 79, 0, 5, 41.52
1591126894, 2, 111, 648, 540, 0, 0.59%, 79, 0, 5, 42.56
1591126899, 2, 111, 649, 541, 0, 0.59%, 79, 0, 5, 45.23
1591126904, 2, 112, 649, 540, 0, 0.59%, 79, 0, 5, 45.30
1591126909, 2, 114, 649, 539, 0, 0.59%, 79, 0, 5, 44.61
1591126914, 2, 114, 654, 544, 0, 0.59%, 79, 0, 5, 45.15
1591126919, 2, 114, 657, 547, 0, 0.59%, 80, 0, 5, 46.19
1591126924, 2, 114, 661, 551, 0, 0.59%, 80, 0, 5, 41.75
1591126929, 2, 114, 662, 552, 0, 0.59%, 81, 0, 5, 42.96
1591126934, 2, 116, 663, 552, 0, 0.59%, 81, 0, 5, 44.71
1591126939, 2, 117, 664, 552, 0, 0.59%, 82, 0, 5, 45.51
1591126944, 2, 118, 664, 551, 0, 0.59%, 82, 0, 5, 45.10
1591126954, 2, 123, 669, 555, 0, 0.59%, 82, 0, 5, 45.63
1591126959, 2, 123, 671, 557, 0, 0.59%, 82, 0, 5, 40.15
1591126965, 2, 124, 671, 556, 0, 0.59%, 82, 0, 5, 42.57
1591126970, 2, 125, 671, 556, 0, 0.59%, 82, 0, 5, 44.17
1591126975, 2, 125, 671, 556, 0, 0.59%, 83, 0, 5, 45.08
1591126980, 2, 129, 671, 555, 0, 0.59%, 83, 0, 5, 44.49
1591126985, 2, 130, 671, 554, 0, 0.59%, 83, 0, 5, 45.28
1591126990, 2, 130, 671, 553, 0, 0.59%, 83, 0, 5, 43.14
1591126995, 2, 132, 673, 555, 0, 0.59%, 83, 0, 5, 39.47
1591127000, 2, 133, 673, 554, 0, 0.59%, 83, 0, 5, 42.10
1591127010, 2, 137, 675, 555, 0, 0.59%, 83, 0, 5, 45.21
1591127015, 2, 137, 681, 561, 0, 0.59%, 83, 0, 5, 45.38
1591127025, 2, 137, 682, 562, 0, 0.59%, 83, 0, 5, 45.29
1591127030, 2, 142, 682, 561, 0, 0.59%, 83, 0, 5, 41.09
1591127035, 2, 143, 682, 561, 0, 0.59%, 83, 0, 5, 43.16
1591127041, 2, 143, 683, 562, 0, 0.59%, 83, 0, 5, 45.09
1591127046, 2, 146, 689, 567, 0, 0.59%, 83, 0, 5, 45.78
1591127051, 2, 148, 690, 568, 0, 0.59%, 83, 0, 5, 44.55
1591127061, 2, 151, 690, 567, 0, 0.59%, 83, 0, 5, 45.03
1591127066, 2, 154, 690, 566, 0, 0.59%, 83, 0, 5, 41.63
1591127076, 2, 159, 691, 567, 0, 0.59%, 83, 0, 5, 45.40
1591127081, 2, 162, 693, 569, 0, 0.59%, 83, 0, 5, 45.32
1591127086, 2, 163, 693, 568, 0, 0.59%, 83, 0, 5, 45.04
1591127096, 2, 164, 694, 569, 0, 0.59%, 83, 0, 5, 46.04
1591127101, 2, 165, 694, 569, 0, 0.59%, 83, 0, 5, 40.72
1591127106, 2, 168, 694, 568, 0, 0.59%, 84, 0, 5, 43.39
1591127111, 2, 168, 695, 569, 0, 0.59%, 84, 0, 5, 45.33
1591127116, 2, 173, 696, 569, 0, 0.59%, 84, 0, 5, 45.37
1591127121, 2, 176, 696, 569, 0, 0.59%, 84, 0, 5, 44.85
1591127127, 2, 176, 699, 572, 0, 0.59%, 84, 0, 5, 45.74
1591127132, 2, 176, 702, 575, 0, 0.59%, 84, 0, 5, 45.82
1591127137, 2, 176, 705, 578, 0, 0.59%, 84, 0, 5, 42.15
1591127142, 2, 177, 706, 578, 0, 0.59%, 84, 0, 5, 44.35
1591127147, 2, 178, 706, 578, 0, 0.59%, 84, 0, 5, 45.14
1591127157, 2, 179, 706, 578, 0, 0.59%, 84, 0, 5, 45.75
1591127162, 2, 180, 706, 578, 0, 0.59%, 84, 0, 5, 44.91
1591127167, 2, 181, 707, 578, 0, 0.59%, 84, 0, 5, 44.41
1591127172, 2, 181, 707, 578, 0, 0.59%, 85, 0, 5, 40.80
1591127177, 2, 182, 707, 577, 0, 0.59%, 85, 0, 5, 43.50
1591127182, 2, 183, 707, 576, 0, 0.59%, 85, 0, 5, 45.03
1591127187, 2, 183, 708, 577, 0, 0.59%, 85, 0, 5, 44.90
1591127192, 2, 183, 715, 584, 0, 0.59%, 86, 0, 5, 45.83
1591127198, 2, 183, 717, 586, 0, 0.59%, 86, 0, 5, 46.35
1591127203, 2, 184, 718, 586, 0, 0.59%, 86, 0, 5, 45.56
1591127208, 2, 184, 723, 591, 0, 0.59%, 86, 0, 5, 40.99
1591127213, 2, 184, 729, 597, 0, 0.60%, 88, 0, 5, 0.00
1591127218, 2, 184, 731, 599, 0, 0.60%, 89, 0, 5, 44.82
1591127223, 2, 184, 734, 602, 0, 0.60%, 89, 0, 5, 45.04
1591127228, 2, 186, 737, 604, 1, 0.60%, 89, 0, 5, 44.57
1591127233, 2, 186, 741, 608, 1, 0.60%, 92, 0, 5, 44.65
1591127239, 2, 186, 744, 611, 1, 0.60%, 93, 0, 5, 41.28
1591127249, 2, 315, 745, 611, 1, 0.60%, 93, 0, 5, 44.64
1591127254, 2, 354, 745, 610, 1, 0.60%, 93, 0, 5, 45.84
1591127264, 2, 716, 745, 609, 1, 0.60%, 93, 0, 5, 44.40
1591127325, 2, 724, 745, 608, 1, 0.60%, 93, 0, 5, 42.26
1591127366, 2, 724, 746, 609, 1, 0.60%, 95, 0, 5, 43.33
1591127371, 2, 724, 747, 610, 1, 0.60%, 96, 0, 5, 45.10
1591127376, 2, 724, 747, 610, 1, 0.60%, 97, 0, 5, 45.21
1591127381, 2, 724, 747, 610, 1, 0.60%, 98, 0, 5, 40.59
1591127407, 2, 725, 749, 611, 0, 0.60%, 98, 0, 5, 43.57
1591127458, 2, 737, 749, 610, 0, 0.60%, 98, 0, 5, 43.31
1591127513, 2, 743, 749, 609, 0, 0.60%, 98, 0, 5, 46.89
1591127554, 2, 743, 750, 610, 0, 0.60%, 98, 0, 5, 45.07
1591127574, 2, 744, 752, 611, 0, 0.60%, 98, 0, 5, 46.98
1591127600, 2, 745, 752, 610, 0, 0.60%, 98, 0, 5, 48.30
1591127620, 2, 745, 758, 616, 0, 0.60%, 98, 0, 6, 48.50
1591127625, 2, 745, 764, 622, 0, 0.60%, 99, 0, 6, 49.02
1591127630, 2, 745, 767, 625, 0, 0.60%, 99, 0, 6, 50.42
1591127635, 2, 745, 768, 626, 0, 0.60%, 101, 0, 6, 50.14
1591127640, 2, 745, 771, 629, 0, 0.60%, 102, 0, 6, 49.64
1591127661, 2, 745, 780, 637, 0, 0.60%, 102, 0, 6, 45.99
1591127666, 2, 771, 780, 637, 1, 0.60%, 102, 0, 6, 43.67
1591127706, 2, 771, 784, 641, 1, 0.60%, 102, 0, 6, 46.87
1591127711, 2, 771, 785, 642, 1, 0.60%, 102, 0, 6, 47.18
1591127716, 2, 771, 786, 643, 1, 0.60%, 102, 0, 6, 47.10
1591127726, 2, 771, 787, 644, 1, 0.60%, 102, 0, 6, 40.06
1591127732, 2, 771, 789, 646, 1, 0.60%, 102, 0, 6, 41.85
1591127737, 2, 771, 790, 647, 1, 0.60%, 102, 0, 6, 29.72
1591127742, 2, 779, 790, 646, 0, 0.60%, 102, 0, 6, 38.45
1591127783, 2, 789, 790, 645, 0, 0.60%, 102, 0, 6, 45.42
1591127829, 2, 789, 794, 649, 0, 0.60%, 103, 0, 6, 49.16
1591127849, 2, 791, 794, 648, 0, 0.60%, 103, 0, 6, 46.35
1591127900, 2, 792, 794, 647, 0, 0.60%, 103, 0, 6, 46.07
1591127951, 2, 792, 798, 650, 0, 0.60%, 103, 0, 6, 43.45
1591127956, 3, 5, 798, 650, 0, 0.60%, 103, 0, 6, 44.67
1591127961, 3, 12, 798, 650, 0, 0.60%, 103, 0, 6, 44.73
1591127971, 3, 17, 798, 649, 0, 0.60%, 103, 0, 6, 44.27
1591127976, 3, 21, 798, 648, 0, 0.60%, 103, 0, 6, 44.00
1591127981, 3, 24, 798, 648, 0, 0.60%, 103, 0, 6, 44.68
1591127986, 3, 24, 800, 650, 0, 0.60%, 103, 0, 6, 44.84
1591127991, 3, 27, 800, 649, 0, 0.60%, 103, 0, 6, 44.01
1591127996, 3, 33, 800, 648, 0, 0.60%, 103, 0, 6, 43.57
1591128006, 3, 38, 800, 646, 0, 0.60%, 103, 0, 6, 45.34
1591128011, 3, 39, 800, 645, 0, 0.60%, 103, 0, 6, 44.82
1591128017, 3, 47, 801, 645, 0, 0.60%, 103, 0, 6, 44.42
1591128022, 3, 48, 801, 645, 0, 0.60%, 103, 0, 6, 43.76
1591128032, 3, 51, 801, 644, 0, 0.60%, 103, 0, 6, 43.06
1591128037, 3, 53, 801, 644, 0, 0.60%, 103, 0, 6, 42.60
1591128042, 3, 54, 802, 645, 0, 0.60%, 103, 0, 6, 42.72
1591128047, 3, 57, 803, 645, 0, 0.60%, 103, 0, 6, 42.76
1591128057, 3, 58, 803, 645, 0, 0.60%, 103, 0, 6, 42.06
1591128062, 3, 60, 803, 644, 0, 0.60%, 103, 0, 6, 42.71
1591128067, 3, 75, 803, 644, 0, 0.60%, 103, 0, 6, 43.23
1591128077, 3, 76, 804, 644, 0, 0.60%, 103, 0, 6, 43.78
1591128082, 3, 90, 804, 643, 0, 0.60%, 103, 0, 6, 44.26
1591128092, 3, 94, 804, 642, 0, 0.60%, 103, 0, 6, 43.89
1591128098, 3, 97, 804, 641, 0, 0.60%, 103, 0, 6, 43.79
1591128103, 3, 98, 804, 640, 0, 0.60%, 103, 0, 6, 44.39
1591128113, 3, 102, 805, 640, 0, 0.60%, 103, 0, 6, 38.67
1591128118, 3, 104, 805, 640, 0, 0.60%, 103, 0, 6, 39.13
1591128128, 3, 107, 805, 640, 0, 0.60%, 103, 0, 6, 44.38
1591128133, 3, 108, 806, 640, 0, 0.60%, 103, 0, 6, 44.75
1591128138, 3, 110, 806, 640, 0, 0.60%, 103, 0, 6, 44.38
1591128143, 3, 110, 807, 641, 0, 0.60%, 103, 0, 6, 44.73
1591128149, 3, 111, 807, 641, 0, 0.60%, 103, 0, 6, 45.12
1591128154, 3, 124, 807, 641, 0, 0.60%, 103, 0, 6, 44.49
1591128159, 3, 129, 807, 641, 0, 0.60%, 103, 0, 6, 44.51
1591128164, 3, 133, 807, 641, 0, 0.60%, 103, 0, 6, 44.12
1591128174, 3, 135, 807, 641, 0, 0.60%, 103, 0, 6, 45.13
1591128179, 3, 136, 808, 641, 0, 0.60%, 103, 0, 6, 44.92
1591128189, 3, 142, 808, 640, 0, 0.60%, 103, 0, 6, 44.65
1591128194, 3, 144, 808, 640, 0, 0.60%, 103, 0, 6, 44.85
1591128199, 3, 146, 808, 639, 0, 0.60%, 103, 0, 6, 44.82
1591128209, 3, 147, 808, 639, 0, 0.60%, 103, 0, 6, 44.73
1591128214, 3, 153, 809, 639, 0, 0.60%, 103, 0, 6, 44.63
1591128224, 3, 154, 809, 638, 0, 0.60%, 103, 0, 6, 44.21
1591128229, 3, 158, 810, 639, 0, 0.60%, 103, 0, 6, 44.11
1591128240, 3, 159, 810, 638, 0, 0.60%, 103, 0, 6, 44.68
1591128245, 3, 163, 810, 638, 0, 0.60%, 103, 0, 6, 45.21
1591128250, 3, 164, 812, 640, 0, 0.60%, 103, 0, 6, 43.46
1591128260, 3, 167, 812, 640, 0, 0.60%, 103, 0, 6, 44.27
1591128265, 3, 176, 812, 639, 0, 0.60%, 103, 0, 6, 45.09
1591128270, 3, 178, 812, 639, 0, 0.60%, 103, 0, 6, 45.05
1591128280, 3, 179, 812, 639, 0, 0.60%, 103, 0, 6, 45.38
1591128285, 3, 182, 813, 640, 0, 0.60%, 103, 0, 6, 44.32
1591128290, 3, 183, 813, 640, 0, 0.60%, 103, 0, 6, 43.89
1591128295, 3, 185, 813, 640, 0, 0.60%, 103, 0, 6, 44.36
1591128305, 3, 187, 813, 639, 0, 0.60%, 103, 0, 6, 45.28
1591128310, 3, 188, 813, 638, 0, 0.60%, 103, 0, 6, 44.95
1591128315, 3, 189, 815, 639, 0, 0.60%, 103, 0, 6, 44.41
1591128325, 3, 190, 815, 638, 0, 0.60%, 103, 0, 6, 44.53
1591128330, 3, 194, 815, 638, 0, 0.60%, 103, 0, 6, 44.48
1591128336, 3, 202, 815, 638, 0, 0.60%, 103, 0, 6, 44.33
1591128341, 3, 203, 815, 637, 0, 0.60%, 104, 0, 6, 43.58
1591128351, 3, 204, 816, 637, 0, 0.60%, 104, 0, 6, 44.67
1591128356, 3, 205, 816, 636, 0, 0.60%, 104, 0, 6, 42.54
1591128366, 3, 208, 816, 635, 0, 0.60%, 104, 0, 6, 44.31
1591128371, 3, 213, 816, 634, 0, 0.60%, 104, 0, 6, 44.90
1591128376, 3, 218, 816, 634, 0, 0.60%, 104, 0, 6, 44.97
1591128386, 3, 221, 816, 634, 0, 0.60%, 104, 0, 6, 43.31
1591128391, 3, 224, 816, 634, 0, 0.60%, 104, 0, 6, 43.25
1591128396, 3, 225, 816, 634, 0, 0.60%, 104, 0, 6, 41.94
1591128406, 3, 232, 816, 633, 0, 0.60%, 104, 0, 6, 43.16
1591128411, 3, 236, 816, 632, 0, 0.60%, 104, 0, 6, 43.19
1591128422, 3, 238, 817, 632, 0, 0.60%, 104, 0, 6, 43.49
1591128427, 3, 239, 817, 631, 0, 0.60%, 104, 0, 6, 45.60
1591128437, 3, 245, 817, 630, 0, 0.60%, 104, 0, 6, 44.51
1591128447, 3, 254, 817, 629, 0, 0.60%, 104, 0, 6, 44.66
1591128452, 3, 255, 817, 629, 0, 0.60%, 104, 0, 6, 45.07
1591128457, 3, 264, 819, 631, 0, 0.60%, 104, 0, 6, 45.05
1591128462, 3, 265, 819, 631, 0, 0.60%, 104, 0, 6, 45.12
1591128472, 3, 266, 819, 631, 0, 0.60%, 104, 0, 6, 44.80
1591128477, 3, 268, 819, 631, 0, 0.60%, 104, 0, 6, 45.20
1591128482, 3, 272, 819, 631, 0, 0.60%, 104, 0, 6, 45.02
1591128488, 3, 278, 820, 632, 0, 0.60%, 104, 0, 6, 43.27
1591128498, 3, 279, 820, 632, 0, 0.60%, 104, 0, 6, 43.12
1591128503, 3, 283, 820, 631, 0, 0.60%, 104, 0, 6, 42.66
1591128513, 3, 284, 820, 630, 0, 0.60%, 104, 0, 6, 43.55
1591128518, 3, 287, 820, 630, 0, 0.60%, 104, 0, 6, 42.54
1591128528, 3, 288, 820, 629, 0, 0.60%, 104, 0, 6, 42.55
1591128533, 3, 303, 820, 629, 0, 0.60%, 104, 0, 6, 42.36
1591128543, 3, 305, 820, 628, 0, 0.60%, 104, 0, 6, 42.61
1591128548, 3, 306, 820, 627, 0, 0.60%, 104, 0, 6, 41.57
1591128553, 3, 308, 820, 627, 0, 0.60%, 104, 0, 6, 42.33
1591128564, 3, 311, 822, 628, 0, 0.60%, 104, 0, 6, 42.19
1591128574, 3, 312, 822, 627, 0, 0.60%, 104, 0, 6, 44.01
1591128584, 3, 317, 822, 626, 0, 0.60%, 104, 0, 6, 35.34
1591128589, 3, 318, 822, 625, 0, 0.60%, 104, 0, 6, 39.62
1591128599, 3, 386, 822, 624, 2, 0.60%, 104, 0, 6, 39.24
1591128609, 3, 713, 822, 623, 2, 0.60%, 104, 0, 6, 36.83
