# unix_time, cycles_done, cur_path, paths_total, pending_total, pending_favs, map_size, unique_crashes, unique_hangs, max_depth, execs_per_sec
1591130857, 0, 0, 1, 1, 1, 0.25%, 0, 0, 1, 50.63
1591130862, 0, 0, 21, 21, 1, 0.33%, 0, 0, 2, 44.81
1591130867, 0, 0, 45, 45, 1, 0.41%, 0, 0, 2, 45.03
1591130872, 0, 0, 64, 64, 1, 0.45%, 0, 0, 2, 45.34
1591130877, 0, 0, 77, 77, 1, 0.46%, 0, 0, 2, 45.36
1591130882, 0, 0, 87, 87, 1, 0.47%, 0, 0, 2, 44.77
1591130887, 0, 0, 97, 97, 1, 0.47%, 0, 0, 2, 43.96
1591130892, 0, 0, 105, 105, 1, 0.49%, 0, 0, 2, 43.71
1591130898, 0, 0, 112, 112, 1, 0.51%, 0, 0, 2, 43.57
1591130903, 0, 0, 119, 119, 1, 0.51%, 0, 0, 2, 43.18
1591130908, 0, 0, 124, 124, 1, 0.51%, 0, 0, 2, 43.31
1591130913, 0, 0, 126, 126, 1, 0.51%, 0, 0, 2, 42.88
1591130918, 0, 0, 131, 131, 1, 0.52%, 0, 0, 2, 42.64
1591130923, 0, 0, 133, 133, 1, 0.52%, 0, 0, 2, 43.21
1591130928, 0, 0, 137, 137, 1, 0.52%, 0, 0, 2, 42.26
1591130934, 0, 0, 139, 139, 1, 0.52%, 0, 0, 2, 43.03
1591130939, 0, 0, 140, 140, 1, 0.52%, 0, 0, 2, 43.12
1591130944, 0, 0, 143, 143, 1, 0.52%, 0, 0, 2, 43.38
1591130949, 0, 0, 147, 147, 1, 0.53%, 0, 0, 2, 43.10
1591130954, 0, 0, 150, 150, 1, 0.53%, 0, 0, 2, 43.07
1591130959, 0, 0, 152, 152, 1, 0.53%, 0, 0, 2, 43.25
1591130969, 0, 0, 154, 154, 1, 0.53%, 0, 0, 2, 43.51
1591130974, 0, 0, 155, 155, 1, 0.53%, 0, 0, 2, 44.55
1591130979, 0, 0, 160, 160, 1, 0.53%, 0, 0, 2, 44.65
1591130984, 0, 0, 165, 165, 1, 0.55%, 0, 0, 2, 44.35
1591130990, 0, 0, 173, 173, 1, 0.57%, 0, 0, 2, 44.67
1591130995, 0, 0, 177, 177, 1, 0.58%, 0, 0, 2, 44.41
1591131000, 0, 0, 179, 179, 1, 0.58%, 0, 0, 2, 44.47
1591131005, 0, 0, 192, 191, 0, 0.58%, 0, 0, 2, 44.18
1591131010, 0, 0, 209, 208, 0, 0.59%, 0, 0, 2, 43.89
1591131015, 0, 0, 216, 215, 0, 0.59%, 0, 0, 2, 44.53
1591131020, 0, 0, 229, 228, 0, 0.59%, 0, 0, 2, 44.38
1591131025, 0, 21, 234, 233, 52, 0.59%, 0, 0, 3, 44.44
1591131030, 0, 21, 237, 236, 52, 0.59%, 0, 0, 3, 44.70
1591131035, 0, 21, 239, 238, 52, 0.59%, 0, 0, 3, 44.71
1591131046, 0, 21, 241, 240, 52, 0.59%, 0, 0, 3, 45.31
1591131051, 0, 21, 243, 242, 52, 0.60%, 0, 0, 3, 45.08
1591131071, 0, 21, 244, 243, 52, 0.60%, 0, 0, 3, 45.14
1591131091, 0, 21, 245, 244, 52, 0.60%, 0, 0, 3, 45.09
1591131112, 0, 21, 246, 245, 52, 0.60%, 0, 0, 3, 44.30
1591131117, 0, 21, 247, 246, 52, 0.60%, 0, 0, 3, 45.33
1591131122, 0, 21, 253, 252, 52, 0.61%, 0, 0, 3, 45.24
1591131127, 0, 21, 256, 255, 52, 0.61%, 0, 0, 3, 45.23
1591131132, 0, 21, 260, 259, 52, 0.61%, 0, 0, 3, 45.35
1591131137, 0, 25, 260, 258, 49, 0.61%, 0, 0, 3, 45.72
1591131142, 0, 25, 263, 261, 49, 0.61%, 0, 0, 3, 45.58
1591131147, 0, 47, 263, 260, 49, 0.61%, 0, 0, 3, 45.34
1591131153, 0, 47, 264, 261, 49, 0.61%, 0, 0, 3, 45.06
1591131158, 0, 48, 265, 261, 48, 0.61%, 0, 0, 3, 48.07
1591131163, 0, 48, 268, 264, 48, 0.61%, 0, 0, 3, 49.27
1591131168, 0, 48, 275, 271, 48, 0.62%, 0, 0, 3, 50.18
1591131173, 0, 48, 277, 273, 48, 0.62%, 0, 0, 3, 50.21
1591131178, 0, 51, 278, 273, 47, 0.62%, 0, 0, 3, 50.19
1591131183, 0, 51, 279, 274, 47, 0.62%, 0, 0, 3, 49.99
1591131188, 0, 51, 288, 282, 46, 0.62%, 0, 0, 3, 50.23
1591131193, 0, 51, 311, 305, 46, 0.62%, 0, 0, 3, 46.24
1591131198, 0, 51, 322, 316, 46, 0.62%, 0, 0, 3, 41.51
1591131203, 0, 53, 325, 319, 48, 0.62%, 0, 0, 3, 43.85
1591131209, 0, 53, 326, 320, 48, 0.62%, 0, 0, 3, 44.29
1591131214, 0, 55, 326, 319, 47, 0.62%, 0, 0, 3, 43.99
1591131224, 0, 55, 332, 325, 47, 0.63%, 0, 0, 3, 43.59
1591131229, 0, 55, 338, 331, 47, 0.63%, 0, 0, 3, 43.18
1591131234, 0, 55, 339, 332, 47, 0.63%, 0, 0, 3, 43.77
1591131239, 0, 68, 339, 330, 49, 0.63%, 0, 0, 3, 43.93
1591131249, 0, 80, 339, 329, 48, 0.63%, 0, 0, 3, 43.19
1591131254, 0, 80, 343, 332, 48, 0.63%, 0, 0, 3, 43.12
1591131259, 0, 82, 358, 347, 48, 0.63%, 0, 0, 3, 43.55
1591131270, 0, 93, 359, 347, 47, 0.63%, 0, 0, 3, 45.04
1591131280, 0, 106, 359, 346, 46, 0.63%, 0, 0, 3, 45.41
1591131285, 0, 109, 359, 345, 45, 0.63%, 0, 0, 3, 44.97
1591131295, 0, 112, 361, 346, 44, 0.63%, 0, 0, 3, 44.96
1591131305, 0, 112, 372, 356, 43, 0.63%, 0, 0, 3, 45.45
1591131310, 0, 121, 379, 363, 45, 0.63%, 0, 0, 3, 44.15
1591131320, 0, 134, 379, 362, 44, 0.63%, 0, 0, 3, 44.18
1591131325, 0, 153, 380, 362, 43, 0.63%, 0, 0, 3, 44.09
1591131330, 0, 153, 382, 364, 43, 0.63%, 0, 0, 3, 43.91
1591131335, 0, 156, 383, 364, 42, 0.63%, 0, 0, 3, 43.28
1591131346, 0, 175, 383, 363, 41, 0.63%, 0, 0, 3, 43.44
1591131356, 0, 175, 393, 372, 40, 0.63%, 0, 0, 3, 43.51
1591131361, 0, 185, 393, 372, 40, 0.63%, 0, 0, 3, 43.44
1591131366, 0, 198, 393, 371, 39, 0.63%, 0, 0, 3, 43.76
1591131376, 0, 201, 394, 371, 38, 0.63%, 0, 0, 3, 44.63
1591131381, 0, 201, 395, 372, 38, 0.63%, 0, 0, 3, 44.64
1591131386, 0, 217, 395, 371, 38, 0.63%, 0, 0, 3, 44.33
1591131391, 0, 217, 396, 372, 38, 0.63%, 0, 0, 3, 44.01
1591131396, 0, 236, 397, 372, 37, 0.63%, 0, 0, 3, 44.46
1591131401, 0, 236, 398, 373, 37, 0.63%, 0, 0, 4, 45.10
1591131406, 0, 237, 411, 385, 36, 0.63%, 0, 0, 4, 44.50
1591131412, 0, 237, 412, 386, 36, 0.63%, 0, 0, 4, 44.99
1591131417, 0, 238, 413, 386, 35, 0.63%, 0, 0, 4, 44.18
1591131427, 0, 240, 413, 385, 34, 0.63%, 0, 0, 4, 44.43
1591131432, 0, 241, 413, 384, 33, 0.63%, 0, 0, 4, 45.00
1591131442, 0, 242, 414, 384, 32, 0.63%, 0, 0, 4, 45.56
1591131452, 0, 243, 422, 391, 31, 0.63%, 0, 0, 4, 45.38
1591131457, 0, 243, 423, 392, 31, 0.63%, 0, 0, 4, 44.85
1591131462, 0, 245, 424, 392, 30, 0.63%, 0, 0, 4, 45.68
1591131467, 0, 247, 424, 391, 29, 0.63%, 0, 0, 4, 45.01
1591131478, 0, 248, 425, 391, 28, 0.63%, 0, 0, 4, 44.81
1591131488, 0, 252, 426, 391, 27, 0.63%, 0, 0, 4, 45.36
1591131493, 0, 252, 427, 392, 27, 0.63%, 0, 0, 4, 45.44
1591131498, 0, 261, 430, 394, 26, 0.63%, 0, 0, 4, 44.85
1591131503, 0, 261, 431, 395, 26, 0.63%, 0, 0, 4, 44.51
1591131508, 0, 262, 432, 395, 25, 0.63%, 0, 0, 4, 45.17
1591131513, 0, 262, 433, 396, 25, 0.63%, 0, 0, 4, 44.03
1591131518, 0, 271, 433, 395, 24, 0.63%, 0, 0, 4, 43.77
1591131523, 0, 273, 433, 394, 23, 0.63%, 0, 0, 4, 45.80
1591131533, 0, 277, 433, 393, 22, 0.63%, 0, 0, 4, 49.62
1591131538, 0, 277, 434, 394, 22, 0.63%, 0, 0, 4, 49.45
1591131543, 0, 290, 435, 394, 21, 0.63%, 0, 0, 4, 49.51
1591131553, 0, 300, 436, 394, 20, 0.63%, 0, 0, 4, 49.69
1591131559, 0, 300, 440, 398, 20, 0.63%, 0, 0, 4, 50.11
1591131564, 0, 300, 443, 401, 20, 0.63%, 0, 0, 4, 50.13
1591131574, 0, 305, 445, 402, 19, 0.63%, 0, 0, 4, 49.68
1591131584, 0, 305, 446, 403, 19, 0.63%, 0, 0, 4, 50.18
1591131599, 0, 306, 446, 402, 18, 0.63%, 0, 0, 4, 50.10
1591131604, 0, 317, 446, 401, 17, 0.63%, 0, 0, 4, 50.11
1591131609, 0, 317, 447, 402, 17, 0.63%, 0, 0, 4, 49.98
1591131619, 0, 318, 454, 408, 17, 0.63%, 0, 0, 4, 50.18
1591131630, 0, 328, 454, 407, 16, 0.63%, 0, 0, 4, 49.94
1591131635, 0, 329, 454, 406, 15, 0.63%, 0, 0, 4, 50.19
1591131640, 0, 329, 456, 408, 15, 0.63%, 0, 0, 4, 50.11
1591131645, 0, 330, 456, 407, 14, 0.63%, 0, 0, 4, 50.32
1591131650, 0, 331, 456, 406, 13, 0.63%, 0, 0, 4, 50.29
1591131660, 0, 333, 461, 410, 13, 0.63%, 0, 0, 4, 49.91
1591131670, 0, 338, 462, 410, 12, 0.63%, 0, 0, 4, 50.10
1591131680, 0, 356, 462, 409, 11, 0.63%, 0, 0, 4, 50.37
1591131685, 0, 357, 462, 408, 10, 0.63%, 0, 0, 4, 50.42
1591131690, 0, 357, 463, 409, 10, 0.63%, 0, 0, 4, 49.79
1591131695, 0, 361, 464, 409, 9, 0.63%, 0, 0, 4, 49.84
1591131705, 0, 376, 469, 413, 9, 0.63%, 0, 0, 4, 49.79
1591131716, 0, 380, 470, 413, 8, 0.63%, 0, 0, 4, 50.17
1591131721, 0, 380, 471, 414, 8, 0.63%, 0, 0, 4, 50.29
1591131731, 0, 394, 472, 414, 7, 0.63%, 0, 0, 4, 50.15
1591131736, 0, 394, 474, 416, 7, 0.63%, 0, 0, 4, 50.29
1591131741, 0, 395, 474, 415, 6, 0.63%, 0, 0, 4, 50.28
1591131746, 0, 401, 475, 415, 4, 0.63%, 0, 0, 4, 50.23
1591131756, 0, 421, 483, 422, 3, 0.63%, 0, 0, 4, 50.23
1591131766, 0, 427, 483, 421, 3, 0.63%, 0, 0, 4, 50.49
1591131776, 1, 70, 483, 420, 2, 0.63%, 0, 0, 4, 50.37
1591131781, 1, 74, 484, 420, 1, 0.63%, 0, 0, 4, 50.00
1591131792, 1, 79, 484, 419, 1, 0.63%, 0, 0, 4, 49.96
1591131797, 1, 79, 488, 422, 0, 0.63%, 0, 0, 4, 49.84
1591131802, 1, 82, 495, 429, 0, 0.63%, 0, 0, 4, 50.23
1591131807, 1, 90, 496, 430, 0, 0.63%, 0, 0, 4, 49.86
1591131812, 1, 90, 501, 435, 0, 0.63%, 0, 0, 4, 49.69
1591131817, 1, 90, 502, 436, 0, 0.63%, 0, 0, 4, 49.92
1591131822, 1, 90, 503, 437, 0, 0.63%, 0, 0, 4, 47.97
1591131827, 1, 93, 504, 437, 0, 0.63%, 0, 0, 4, 44.81
1591131837, 1, 99, 505, 438, 0, 0.63%, 0, 0, 4, 41.79
1591131842, 1, 99, 506, 439, 0, 0.63%, 0, 0, 4, 37.06
1591131847, 1, 100, 506, 438, 0, 0.63%, 0, 0, 4, 39.87
1591131852, 1, 100, 508, 440, 0, 0.63%, 0, 0, 4, 41.40
1591131858, 1, 100, 512, 443, 0, 0.63%, 0, 0, 4, 42.03
1591131863, 1, 101, 519, 450, 0, 0.63%, 0, 0, 4, 42.01
1591131873, 1, 102, 519, 449, 0, 0.63%, 0, 0, 4, 42.24
1591131883, 1, 105, 519, 448, 0, 0.63%, 0, 0, 4, 40.13
1591131893, 1, 106, 519, 447, 0, 0.63%, 0, 0, 4, 42.37
1591131898, 1, 106, 520, 448, 0, 0.63%, 0, 0, 4, 41.83
1591131903, 1, 108, 520, 448, 0, 0.63%, 0, 0, 4, 41.67
1591131908, 1, 108, 525, 453, 0, 0.63%, 0, 0, 4, 42.42
1591131913, 1, 108, 526, 454, 0, 0.63%, 0, 0, 4, 37.73
1591131918, 1, 108, 529, 457, 0, 0.63%, 0, 0, 4, 40.62
1591131923, 1, 108, 532, 459, 0, 0.63%, 0, 0, 4, 42.36
1591131929, 1, 109, 537, 464, 0, 0.63%, 0, 0, 4, 42.50
1591131934, 1, 109, 543, 470, 0, 0.63%, 0, 0, 4, 42.36
1591131939, 1, 109, 545, 472, 0, 0.63%, 0, 0, 4, 42.08
1591131944, 1, 109, 548, 475, 0, 0.63%, 0, 0, 4, 41.37
1591131949, 1, 110, 548, 475, 0, 0.63%, 0, 0, 4, 36.75
1591131959, 1, 112, 548, 474, 0, 0.63%, 0, 0, 4, 41.68
1591131969, 1, 113, 548, 474, 0, 0.63%, 0, 0, 4, 41.65
1591131979, 1, 140, 548, 473, 1, 0.63%, 0, 0, 4, 41.51
1591131990, 1, 230, 553, 477, 1, 0.63%, 0, 0, 4, 41.08
1591132000, 1, 233, 553, 476, 0, 0.63%, 0, 0, 4, 41.59
1591132005, 1, 233, 554, 477, 0, 0.63%, 0, 0, 4, 42.22
1591132010, 1, 236, 554, 476, 0, 0.63%, 0, 0, 4, 42.72
1591132015, 1, 236, 555, 477, 0, 0.63%, 0, 0, 4, 40.34
1591132020, 1, 237, 555, 477, 0, 0.63%, 0, 0, 4, 38.01
1591132025, 1, 237, 556, 478, 0, 0.63%, 0, 0, 4, 38.69
1591132030, 1, 238, 556, 478, 0, 0.63%, 0, 0, 4, 42.35
1591132035, 1, 238, 559, 481, 0, 0.63%, 0, 0, 4, 45.80
1591132040, 1, 239, 564, 486, 0, 0.63%, 0, 0, 4, 43.60
1591132050, 1, 240, 565, 486, 0, 0.63%, 0, 0, 4, 44.76
1591132055, 1, 240, 569, 490, 0, 0.63%, 0, 0, 4, 44.98
1591132060, 1, 241, 569, 490, 0, 0.63%, 0, 0, 4, 45.14
1591132066, 1, 242, 569, 490, 0, 0.63%, 0, 0, 4, 44.60
1591132076, 1, 243, 570, 491, 0, 0.63%, 0, 0, 4, 44.25
1591132081, 1, 243, 571, 492, 0, 0.63%, 0, 0, 4, 44.24
1591132086, 1, 245, 576, 497, 0, 0.63%, 0, 0, 4, 44.12
1591132096, 1, 247, 576, 497, 0, 0.63%, 0, 0, 4, 43.34
1591132101, 1, 248, 576, 497, 0, 0.63%, 0, 0, 4, 42.72
1591132107, 1, 248, 577, 498, 0, 0.63%, 0, 0, 4, 42.14
1591132112, 1, 251, 577, 498, 0, 0.63%, 0, 0, 4, 41.89
1591132122, 1, 252, 577, 497, 0, 0.63%, 0, 0, 4, 40.36
1591132132, 1, 253, 578, 498, 0, 0.63%, 0, 0, 4, 41.93
1591132137, 1, 253, 579, 499, 0, 0.63%, 0, 0, 4, 42.72
1591132142, 1, 256, 580, 499, 0, 0.63%, 0, 0, 4, 43.87
1591132152, 1, 257, 581, 499, 0, 0.63%, 0, 0, 4, 44.77
1591132163, 1, 258, 581, 498, 0, 0.63%, 0, 0, 4, 44.31
1591132168, 1, 261, 581, 497, 0, 0.63%, 0, 0, 4, 44.11
1591132178, 1, 262, 583, 499, 0, 0.63%, 0, 0, 4, 44.23
1591132183, 1, 263, 583, 499, 0, 0.63%, 0, 0, 4, 44.34
1591132193, 1, 271, 583, 498, 0, 0.63%, 0, 0, 4, 44.15
1591132203, 1, 273, 583, 498, 0, 0.63%, 0, 0, 4, 42.55
1591132213, 1, 275, 583, 498, 0, 0.63%, 0, 0, 4, 44.03
1591132223, 1, 277, 583, 497, 0, 0.63%, 0, 0, 4, 42.38
1591132229, 1, 278, 583, 497, 0, 0.63%, 0, 0, 4, 41.94
1591132239, 1, 280, 583, 496, 0, 0.63%, 0, 0, 4, 42.31
1591132249, 1, 281, 583, 495, 0, 0.63%, 0, 0, 4, 43.11
1591132259, 1, 282, 583, 494, 0, 0.63%, 0, 0, 4, 43.06
1591132269, 1, 290, 590, 500, 0, 0.63%, 0, 0, 4, 45.99
1591132274, 1, 290, 591, 501, 0, 0.63%, 0, 0, 4, 46.34
1591132279, 1, 295, 591, 501, 0, 0.63%, 0, 0, 4, 46.68
1591132290, 1, 299, 591, 500, 0, 0.63%, 0, 0, 4, 46.03
1591132300, 1, 300, 591, 499, 0, 0.63%, 0, 0, 4, 46.43
1591132305, 1, 305, 591, 499, 0, 0.63%, 0, 0, 4, 46.63
1591132315, 1, 306, 599, 507, 0, 0.63%, 0, 0, 4, 46.72
1591132325, 1, 310, 599, 507, 0, 0.63%, 0, 0, 4, 44.27
1591132330, 1, 313, 599, 506, 0, 0.63%, 0, 0, 4, 41.87
1591132341, 1, 318, 599, 505, 0, 0.63%, 0, 0, 4, 36.79
1591132351, 1, 319, 599, 505, 0, 0.63%, 0, 0, 4, 43.52
1591132361, 1, 320, 601, 506, 0, 0.63%, 0, 0, 4, 43.16
1591132371, 1, 326, 601, 505, 0, 0.63%, 0, 0, 4, 43.02
1591132382, 1, 328, 603, 506, 0, 0.63%, 0, 0, 4, 37.68
1591132392, 1, 329, 603, 506, 0, 0.63%, 0, 0, 4, 43.94
1591132397, 1, 329, 604, 507, 0, 0.63%, 0, 0, 4, 39.86
1591132402, 1, 330, 604, 507, 0, 0.63%, 0, 0, 4, 38.49
1591132407, 1, 330, 606, 509, 0, 0.63%, 0, 0, 4, 40.00
1591132412, 1, 331, 610, 513, 0, 0.63%, 0, 0, 4, 41.56
1591132423, 1, 333, 610, 513, 0, 0.63%, 0, 0, 4, 42.23
1591132428, 1, 334, 610, 513, 0, 0.63%, 0, 0, 4, 45.36
1591132438, 1, 335, 611, 513, 0, 0.63%, 0, 0, 4, 47.39
1591132448, 1, 338, 611, 512, 0, 0.63%, 0, 0, 4, 45.69
1591132453, 1, 338, 616, 517, 0, 0.63%, 0, 0, 4, 46.76
1591132458, 1, 339, 618, 519, 0, 0.63%, 0, 0, 4, 47.90
1591132463, 1, 343, 618, 518, 0, 0.63%, 0, 0, 4, 45.57
1591132468, 1, 343, 620, 520, 0, 0.63%, 0, 0, 4, 44.17
1591132473, 1, 345, 620, 519, 0, 0.63%, 0, 0, 4, 44.69
1591132484, 1, 348, 621, 519, 0, 0.63%, 0, 0, 4, 42.36
1591132494, 1, 350, 622, 519, 0, 0.63%, 0, 0, 4, 42.81
1591132499, 1, 350, 623, 520, 0, 0.63%, 0, 0, 4, 46.89
1591132509, 1, 356, 626, 522, 0, 0.63%, 0, 0, 4, 42.21
1591132519, 1, 357, 626, 522, 0, 0.63%, 0, 0, 4, 44.90
1591132529, 1, 360, 627, 523, 0, 0.63%, 0, 0, 4, 43.93
1591132540, 1, 364, 627, 522, 0, 0.63%, 0, 0, 4, 43.76
1591132550, 1, 365, 627, 521, 0, 0.63%, 0, 0, 4, 42.48
1591132560, 1, 370, 631, 524, 0, 0.63%, 0, 0, 4, 46.02
1591132570, 1, 372, 631, 523, 0, 0.63%, 0, 0, 4, 43.29
1591132575, 1, 372, 632, 524, 0, 0.63%, 0, 0, 4, 43.96
1591132580, 1, 375, 632, 523, 0, 0.63%, 0, 0, 4, 44.18
1591132590, 1, 376, 632, 522, 0, 0.63%, 0, 0, 4, 44.15
1591132596, 1, 380, 632, 522, 0, 0.63%, 0, 0, 4, 43.97
1591132606, 1, 382, 641, 531, 0, 0.63%, 0, 0, 4, 41.15
1591132616, 1, 382, 643, 533, 0, 0.63%, 0, 0, 4, 42.82
1591132621, 1, 385, 644, 533, 0, 0.63%, 0, 0, 4, 42.30
1591132631, 1, 389, 644, 532, 0, 0.63%, 0, 0, 4, 40.85
1591132641, 1, 392, 644, 531, 0, 0.63%, 0, 0, 4, 42.94
1591132646, 1, 392, 644, 531, 0, 0.63%, 0, 1, 4, 35.56
1591132651, 1, 394, 644, 530, 0, 0.63%, 0, 1, 4, 41.60
1591132662, 1, 395, 649, 535, 0, 0.63%, 0, 1, 4, 43.19
1591132672, 1, 399, 649, 535, 0, 0.63%, 0, 1, 4, 42.51
1591132682, 1, 400, 649, 534, 0, 0.63%, 0, 1, 4, 42.66
1591132692, 1, 401, 649, 533, 0, 0.63%, 0, 1, 4, 43.75
1591132697, 1, 401, 651, 535, 0, 0.63%, 0, 1, 4, 43.17
1591132702, 1, 404, 651, 535, 0, 0.63%, 0, 1, 4, 44.17
1591132707, 1, 404, 655, 538, 0, 0.63%, 0, 1, 4, 44.07
1591132712, 1, 405, 657, 540, 0, 0.63%, 0, 1, 4, 44.54
1591132722, 1, 406, 657, 539, 0, 0.63%, 0, 1, 4, 45.22
1591132732, 1, 417, 657, 538, 0, 0.63%, 0, 1, 4, 44.37
1591132743, 1, 427, 657, 537, 0, 0.63%, 0, 1, 4, 42.47
1591132753, 1, 428, 657, 537, 0, 0.63%, 0, 1, 4, 40.25
1591132763, 1, 440, 661, 540, 0, 0.63%, 0, 1, 4, 42.44
1591132773, 1, 448, 662, 540, 0, 0.63%, 0, 1, 4, 42.51
1591132783, 1, 452, 662, 539, 0, 0.63%, 0, 1, 4, 39.97
1591132798, 1, 453, 662, 538, 0, 0.63%, 0, 1, 4, 38.41
1591132808, 1, 456, 662, 537, 0, 0.63%, 0, 1, 4, 38.70
1591132819, 1, 458, 666, 540, 0, 0.63%, 0, 1, 4, 39.03
1591132829, 1, 459, 666, 539, 0, 0.63%, 0, 1, 4, 37.55
1591132839, 1, 460, 666, 538, 0, 0.63%, 0, 1, 4, 41.00
1591132849, 1, 461, 666, 537, 0, 0.63%, 0, 1, 4, 42.16
1591132869, 1, 463, 666, 536, 0, 0.63%, 0, 1, 4, 43.72
1591132879, 1, 466, 672, 541, 0, 0.63%, 0, 1, 4, 42.36
1591132890, 1, 485, 672, 540, 0, 0.63%, 0, 1, 4, 42.63
1591132910, 1, 488, 672, 539, 0, 0.63%, 0, 1, 4, 43.18
1591132920, 1, 488, 673, 540, 0, 0.63%, 0, 1, 4, 43.39
1591132925, 1, 488, 674, 541, 0, 0.63%, 0, 1, 4, 41.65
1591132935, 1, 489, 674, 540, 0, 0.63%, 0, 1, 4, 42.07
1591132955, 1, 491, 674, 539, 0, 0.63%, 0, 1, 4, 43.73
1591132976, 1, 505, 680, 544, 0, 0.63%, 0, 1, 4, 42.36
1591132996, 1, 508, 680, 543, 0, 0.63%, 0, 1, 4, 42.88
1591133011, 1, 508, 681, 544, 0, 0.63%, 0, 1, 4, 41.27
1591133016, 1, 508, 684, 547, 0, 0.63%, 0, 1, 4, 38.55
1591133021, 1, 512, 684, 546, 0, 0.63%, 0, 1, 4, 40.63
1591133047, 1, 518, 684, 545, 0, 0.63%, 0, 1, 4, 43.08
1591133067, 1, 521, 684, 544, 0, 0.63%, 0, 1, 4, 42.81
1591133087, 1, 524, 689, 548, 0, 0.63%, 0, 1, 4, 41.21
1591133118, 1, 526, 689, 547, 0, 0.63%, 0, 1, 4, 43.57
1591133143, 1, 529, 689, 546, 0, 0.63%, 0, 1, 4, 41.87
1591133158, 1, 529, 690, 547, 0, 0.63%, 0, 1, 4, 42.63
1591133163, 1, 533, 690, 546, 0, 0.63%, 0, 1, 4, 43.50
1591133178, 1, 533, 692, 548, 0, 0.63%, 0, 1, 4, 43.17
1591133183, 1, 546, 692, 547, 0, 0.63%, 0, 1, 4, 42.73
1591133194, 1, 546, 693, 548, 0, 0.63%, 0, 1, 4, 42.03
1591133214, 1, 553, 699, 553, 0, 0.63%, 0, 1, 4, 42.72
1591133224, 1, 553, 700, 554, 0, 0.63%, 0, 1, 5, 43.83
1591133259, 1, 555, 700, 553, 0, 0.63%, 0, 1, 5, 44.80
1591133300, 1, 560, 700, 552, 0, 0.63%, 0, 1, 5, 45.17
1591133320, 1, 561, 700, 551, 0, 0.63%, 0, 1, 5, 44.32
1591133340, 1, 562, 700, 550, 0, 0.63%, 0, 1, 5, 43.46
1591133345, 1, 562, 701, 551, 0, 0.63%, 0, 1, 5, 44.02
1591133366, 1, 562, 712, 561, 0, 0.63%, 0, 1, 5, 43.58
1591133371, 1, 565, 713, 562, 0, 0.63%, 0, 1, 5, 42.99
1591133406, 1, 566, 713, 561, 0, 0.63%, 0, 1, 5, 43.19
1591133447, 1, 567, 713, 560, 0, 0.63%, 0, 1, 5, 43.34
1591133482, 1, 568, 713, 559, 0, 0.63%, 0, 1, 5, 44.55
1591133518, 1, 570, 713, 558, 0, 0.63%, 0, 1, 5, 48.22
1591133553, 1, 575, 725, 569, 0, 0.63%, 0, 1, 5, 48.93
1591133573, 1, 601, 725, 568, 0, 0.63%, 0, 1, 5, 48.79
1591133578, 1, 601, 726, 569, 0, 0.63%, 0, 1, 5, 48.80
1591133640, 1, 606, 726, 568, 0, 0.63%, 0, 1, 5, 48.46
1591133655, 1, 615, 726, 567, 0, 0.63%, 0, 1, 5, 48.63
1591133686, 1, 624, 726, 566, 0, 0.63%, 0, 1, 5, 48.71
1591133701, 1, 624, 731, 570, 0, 0.63%, 0, 1, 5, 48.60
1591133706, 1, 627, 733, 572, 0, 0.63%, 0, 1, 5, 48.66
1591133731, 1, 632, 733, 571, 0, 0.63%, 0, 1, 5, 48.64
1591133761, 1, 633, 733, 570, 0, 0.63%, 0, 1, 5, 48.30
1591133792, 1, 647, 733, 569, 0, 0.63%, 0, 1, 5, 48.81
1591133808, 1, 656, 733, 568, 0, 0.63%, 0, 1, 5, 47.57
1591133833, 1, 657, 740, 574, 0, 0.63%, 0, 1, 5, 39.22
1591133854, 1, 664, 740, 573, 0, 0.63%, 0, 1, 5, 40.70
1591133874, 1, 679, 740, 572, 0, 0.63%, 0, 1, 5, 39.51
1591133884, 1, 679, 741, 573, 0, 0.63%, 0, 1, 5, 40.45
1591133905, 1, 680, 741, 572, 0, 0.63%, 0, 1, 5, 39.66
1591133946, 1, 681, 741, 571, 0, 0.63%, 0, 1, 5, 40.53
1591134012, 1, 683, 744, 573, 0, 0.63%, 0, 1, 5, 39.81
1591134078, 1, 690, 744, 572, 0, 0.63%, 0, 1, 5, 38.95
1591134114, 1, 691, 744, 571, 0, 0.63%, 0, 1, 5, 39.64
1591134155, 1, 692, 744, 570, 0, 0.63%, 0, 1, 5, 40.72
1591134170, 1, 692, 745, 571, 0, 0.63%, 0, 1, 5, 41.04
1591134181, 1, 692, 746, 572, 0, 0.63%, 0, 1, 5, 37.52
1591134186, 1, 692, 747, 573, 0, 0.63%, 0, 1, 5, 40.09
1591134298, 1, 693, 747, 572, 0, 0.63%, 0, 1, 5, 40.98
1591134303, 1, 693, 748, 573, 0, 0.63%, 0, 1, 5, 40.48
1591134328, 1, 693, 769, 593, 0, 0.64%, 0, 1, 5, 40.23
1591134333, 1, 693, 791, 615, 0, 0.64%, 0, 1, 5, 40.35
1591134339, 1, 693, 810, 634, 0, 0.64%, 0, 1, 5, 39.25
1591134344, 1, 693, 828, 652, 0, 0.64%, 0, 1, 5, 38.56
1591134349, 1, 779, 828, 652, 1, 0.64%, 0, 1, 5, 38.60
1591134369, 1, 779, 828, 652, 1, 0.64%, 4, 1, 5, 40.19
1591134374, 1, 779, 829, 653, 1, 0.64%, 16, 1, 5, 41.60
1591134380, 1, 779, 829, 653, 1, 0.64%, 37, 1, 5, 43.14
1591134385, 1, 793, 829, 652, 0, 0.64%, 37, 1, 5, 37.67
1591134420, 1, 793, 832, 655, 0, 0.64%, 37, 1, 5, 34.36
1591134441, 1, 795, 832, 654, 0, 0.64%, 37, 1, 5, 39.70
