# unix_time, cycles_done, cur_path, paths_total, pending_total, pending_favs, map_size, unique_crashes, unique_hangs, max_depth, execs_per_sec
1591130852, 0, 0, 1, 1, 1, 0.25%, 0, 0, 1, 58.82
1591130858, 0, 0, 28, 28, 1, 0.39%, 0, 0, 2, 55.11
1591130863, 0, 0, 51, 51, 1, 0.42%, 0, 0, 2, 50.74
1591130868, 0, 0, 66, 66, 1, 0.44%, 0, 0, 2, 48.76
1591130873, 0, 0, 76, 76, 1, 0.46%, 0, 0, 2, 46.74
1591130878, 0, 0, 83, 83, 1, 0.47%, 0, 0, 2, 46.27
1591130883, 0, 0, 88, 88, 1, 0.47%, 0, 0, 2, 46.10
1591130888, 0, 0, 94, 94, 1, 0.47%, 0, 0, 2, 44.38
1591130893, 0, 0, 97, 97, 1, 0.47%, 0, 0, 2, 44.29
1591130899, 0, 0, 105, 105, 1, 0.48%, 0, 0, 2, 44.13
1591130904, 0, 0, 113, 113, 1, 0.49%, 0, 0, 2, 44.00
1591130909, 0, 0, 119, 119, 1, 0.49%, 0, 0, 2, 43.95
1591130914, 0, 0, 123, 123, 1, 0.49%, 0, 0, 2, 44.42
1591130919, 0, 0, 125, 125, 1, 0.49%, 0, 0, 2, 44.39
1591130924, 0, 0, 129, 129, 1, 0.49%, 0, 0, 2, 43.38
1591130929, 0, 0, 134, 134, 1, 0.49%, 0, 0, 2, 45.07
1591130934, 0, 0, 136, 136, 1, 0.49%, 0, 0, 2, 43.92
1591130939, 0, 0, 140, 140, 1, 0.50%, 0, 0, 2, 43.58
1591130944, 0, 0, 141, 141, 1, 0.50%, 0, 0, 2, 43.81
1591130949, 0, 0, 142, 142, 1, 0.51%, 0, 0, 2, 43.73
1591130954, 0, 0, 145, 145, 1, 0.51%, 0, 0, 2, 43.79
1591130959, 0, 0, 147, 147, 1, 0.51%, 0, 0, 2, 44.58
1591130965, 0, 0, 152, 152, 1, 0.52%, 0, 0, 2, 43.49
1591130970, 0, 0, 153, 153, 1, 0.52%, 0, 0, 2, 45.37
1591130975, 0, 0, 157, 157, 1, 0.53%, 0, 0, 2, 44.79
1591130980, 0, 0, 158, 157, 0, 0.53%, 0, 0, 2, 45.46
1591130985, 0, 0, 177, 176, 0, 0.54%, 0, 0, 2, 45.61
1591130990, 0, 0, 191, 190, 0, 0.54%, 0, 0, 2, 45.30
1591130995, 0, 0, 201, 200, 0, 0.56%, 0, 0, 2, 45.29
1591131000, 0, 2, 214, 213, 48, 0.58%, 0, 0, 2, 45.10
1591131005, 0, 2, 215, 214, 48, 0.58%, 0, 0, 3, 44.07
1591131015, 0, 6, 218, 216, 48, 0.58%, 0, 0, 3, 44.35
1591131020, 0, 6, 221, 219, 48, 0.58%, 0, 0, 3, 44.10
1591131025, 0, 6, 223, 221, 48, 0.59%, 0, 0, 3, 44.11
1591131030, 0, 6, 226, 224, 48, 0.60%, 0, 0, 3, 43.97
1591131035, 0, 6, 227, 225, 48, 0.60%, 0, 0, 3, 44.15
1591131040, 0, 6, 229, 227, 48, 0.60%, 0, 0, 3, 44.18
1591131045, 0, 6, 230, 228, 48, 0.60%, 0, 0, 3, 44.00
1591131056, 0, 6, 231, 229, 48, 0.60%, 0, 0, 3, 44.09
1591131061, 0, 6, 233, 231, 48, 0.60%, 0, 0, 3, 43.85
1591131066, 0, 6, 234, 232, 48, 0.60%, 0, 0, 3, 44.07
1591131081, 0, 6, 236, 234, 48, 0.60%, 0, 0, 3, 43.92
1591131086, 0, 6, 238, 236, 48, 0.60%, 0, 0, 3, 43.86
1591131091, 0, 6, 246, 244, 48, 0.61%, 0, 0, 3, 44.34
1591131096, 0, 6, 248, 246, 48, 0.61%, 0, 0, 3, 44.49
1591131102, 0, 6, 250, 248, 48, 0.61%, 0, 0, 3, 44.87
1591131107, 0, 10, 250, 247, 48, 0.61%, 0, 0, 3, 46.15
1591131112, 0, 11, 250, 246, 47, 0.61%, 0, 0, 3, 45.74
1591131122, 0, 24, 250, 245, 46, 0.61%, 0, 0, 3, 44.57
1591131127, 0, 24, 253, 248, 46, 0.61%, 0, 0, 3, 44.66
1591131132, 0, 24, 267, 261, 45, 0.61%, 0, 0, 3, 44.52
1591131137, 0, 24, 282, 276, 45, 0.62%, 0, 0, 3, 44.28
1591131142, 0, 44, 292, 286, 48, 0.62%, 0, 0, 3, 44.54
1591131153, 0, 52, 292, 285, 47, 0.62%, 0, 0, 3, 44.58
1591131158, 0, 52, 293, 286, 47, 0.62%, 0, 0, 3, 48.69
1591131163, 0, 73, 293, 285, 48, 0.62%, 0, 0, 3, 50.16
1591131168, 0, 74, 294, 285, 47, 0.62%, 0, 0, 3, 50.58
1591131173, 0, 74, 295, 286, 47, 0.62%, 0, 0, 3, 50.81
1591131178, 0, 98, 295, 285, 46, 0.62%, 0, 0, 3, 50.76
1591131183, 0, 98, 303, 292, 45, 0.62%, 0, 0, 3, 50.90
1591131188, 0, 99, 319, 308, 48, 0.62%, 0, 0, 3, 50.97
1591131198, 0, 115, 319, 307, 47, 0.62%, 0, 0, 3, 47.53
1591131204, 0, 127, 320, 307, 46, 0.62%, 0, 0, 3, 46.05
1591131214, 0, 135, 320, 306, 45, 0.62%, 0, 0, 3, 47.18
1591131219, 0, 137, 320, 305, 44, 0.62%, 0, 0, 3, 46.02
1591131229, 0, 137, 329, 313, 43, 0.63%, 0, 0, 3, 44.91
1591131234, 0, 142, 335, 319, 45, 0.63%, 0, 0, 3, 45.14
1591131239, 0, 142, 338, 322, 45, 0.63%, 0, 0, 3, 45.11
1591131244, 0, 144, 339, 322, 44, 0.63%, 0, 0, 3, 44.73
1591131249, 0, 144, 341, 324, 44, 0.63%, 0, 0, 3, 45.89
1591131254, 0, 154, 342, 324, 43, 0.63%, 0, 0, 3, 45.52
1591131259, 0, 154, 345, 327, 43, 0.63%, 0, 0, 3, 45.25
1591131265, 0, 154, 348, 330, 43, 0.63%, 0, 0, 3, 45.44
1591131270, 0, 154, 349, 331, 43, 0.63%, 0, 0, 3, 45.35
1591131275, 0, 154, 351, 333, 43, 0.63%, 0, 0, 3, 45.48
1591131280, 0, 161, 355, 336, 42, 0.63%, 0, 0, 3, 45.49
1591131290, 0, 176, 357, 337, 41, 0.63%, 0, 0, 3, 46.45
1591131295, 0, 176, 358, 338, 41, 0.63%, 0, 0, 3, 45.71
1591131305, 0, 176, 362, 341, 40, 0.63%, 0, 0, 3, 45.74
1591131310, 0, 176, 375, 354, 40, 0.63%, 0, 0, 3, 46.25
1591131315, 0, 177, 376, 355, 41, 0.63%, 0, 0, 3, 45.51
1591131320, 0, 177, 377, 356, 41, 0.63%, 0, 0, 3, 45.84
1591131326, 0, 205, 377, 355, 40, 0.63%, 0, 0, 3, 45.17
1591131331, 0, 209, 378, 355, 39, 0.63%, 0, 0, 3, 45.40
1591131341, 0, 210, 378, 354, 39, 0.63%, 0, 0, 3, 45.63
1591131346, 0, 210, 379, 355, 39, 0.63%, 0, 0, 3, 45.71
1591131351, 0, 211, 379, 354, 38, 0.63%, 0, 0, 3, 45.82
1591131356, 0, 211, 380, 354, 37, 0.63%, 0, 0, 3, 45.74
1591131361, 0, 212, 388, 362, 37, 0.63%, 0, 0, 3, 45.53
1591131366, 0, 212, 389, 363, 37, 0.63%, 0, 0, 3, 45.08
1591131372, 0, 221, 390, 363, 36, 0.63%, 0, 0, 3, 44.46
1591131377, 0, 221, 391, 364, 36, 0.63%, 0, 0, 4, 44.47
1591131382, 0, 224, 392, 364, 35, 0.63%, 0, 0, 4, 44.56
1591131392, 0, 230, 392, 363, 34, 0.63%, 0, 0, 4, 44.80
1591131397, 0, 230, 393, 364, 34, 0.63%, 0, 0, 4, 44.16
1591131402, 0, 232, 394, 364, 33, 0.63%, 0, 0, 4, 43.98
1591131407, 0, 232, 398, 367, 33, 0.63%, 0, 0, 4, 45.12
1591131412, 0, 234, 407, 376, 33, 0.63%, 0, 0, 4, 44.63
1591131417, 0, 234, 409, 378, 33, 0.63%, 0, 0, 4, 46.02
1591131422, 0, 235, 409, 377, 32, 0.63%, 0, 0, 4, 44.42
1591131427, 0, 235, 410, 378, 32, 0.63%, 0, 0, 4, 45.20
1591131432, 0, 238, 410, 377, 31, 0.63%, 0, 0, 4, 44.33
1591131438, 0, 238, 411, 378, 31, 0.63%, 0, 0, 4, 44.43
1591131443, 0, 243, 411, 377, 30, 0.63%, 0, 0, 4, 44.02
1591131448, 0, 244, 411, 376, 29, 0.63%, 0, 0, 4, 44.06
1591131458, 0, 245, 418, 382, 28, 0.63%, 0, 0, 4, 43.80
1591131463, 0, 245, 419, 383, 28, 0.63%, 0, 0, 4, 43.83
1591131468, 0, 251, 419, 382, 27, 0.63%, 0, 0, 4, 44.18
1591131473, 0, 251, 420, 383, 27, 0.63%, 0, 0, 4, 42.92
1591131478, 0, 257, 420, 382, 26, 0.63%, 0, 0, 4, 43.38
1591131488, 0, 267, 421, 382, 25, 0.63%, 0, 0, 4, 43.19
1591131499, 0, 276, 421, 381, 24, 0.63%, 0, 0, 4, 43.31
1591131509, 0, 289, 425, 384, 23, 0.63%, 0, 0, 4, 42.54
1591131519, 0, 290, 425, 383, 22, 0.63%, 0, 0, 4, 41.37
1591131529, 0, 291, 426, 383, 21, 0.63%, 0, 0, 4, 48.48
1591131539, 0, 292, 426, 382, 20, 0.63%, 0, 0, 4, 49.87
1591131544, 0, 303, 426, 381, 19, 0.63%, 0, 0, 4, 49.54
1591131554, 0, 309, 431, 385, 19, 0.63%, 0, 0, 4, 49.63
1591131559, 0, 309, 432, 386, 19, 0.63%, 0, 0, 4, 49.65
1591131564, 0, 314, 432, 385, 18, 0.63%, 0, 0, 4, 48.88
1591131574, 0, 317, 433, 385, 17, 0.63%, 0, 0, 4, 49.26
1591131579, 0, 320, 433, 384, 16, 0.63%, 0, 0, 4, 49.64
1591131584, 0, 320, 434, 385, 16, 0.63%, 0, 0, 4, 49.81
1591131590, 0, 324, 435, 385, 15, 0.63%, 0, 0, 4, 50.11
1591131600, 0, 327, 444, 393, 15, 0.63%, 0, 0, 4, 49.41
1591131610, 0, 329, 445, 393, 14, 0.63%, 0, 0, 4, 49.19
1591131615, 0, 330, 445, 392, 13, 0.63%, 0, 0, 4, 49.24
1591131625, 0, 331, 445, 391, 12, 0.63%, 0, 0, 4, 49.70
1591131630, 0, 333, 446, 391, 11, 0.63%, 0, 0, 4, 49.60
1591131640, 0, 333, 450, 394, 10, 0.63%, 0, 0, 4, 49.53
1591131645, 0, 357, 452, 396, 13, 0.63%, 0, 0, 4, 49.32
1591131650, 0, 361, 452, 395, 12, 0.63%, 0, 0, 4, 49.82
1591131660, 0, 362, 453, 395, 11, 0.63%, 0, 0, 4, 49.23
1591131671, 0, 366, 453, 394, 10, 0.63%, 0, 0, 4, 49.99
1591131676, 0, 373, 453, 393, 9, 0.63%, 0, 0, 4, 49.81
1591131686, 0, 373, 459, 398, 8, 0.63%, 0, 0, 4, 49.21
1591131691, 0, 380, 460, 399, 8, 0.63%, 0, 0, 4, 49.89
1591131701, 0, 396, 460, 398, 7, 0.63%, 0, 0, 4, 49.84
1591131706, 0, 420, 460, 397, 6, 0.63%, 0, 0, 4, 49.67
1591131711, 0, 420, 461, 398, 6, 0.63%, 0, 0, 4, 49.02
1591131716, 0, 428, 462, 398, 5, 0.63%, 0, 0, 4, 49.43
1591131726, 0, 445, 462, 397, 4, 0.63%, 0, 0, 4, 49.41
1591131736, 0, 446, 468, 402, 3, 0.63%, 0, 0, 4, 49.78
1591131746, 1, 41, 468, 401, 2, 0.63%, 0, 0, 4, 49.47
1591131751, 1, 57, 469, 401, 2, 0.63%, 0, 0, 4, 49.55
1591131761, 1, 201, 469, 400, 1, 0.63%, 0, 0, 4, 49.35
1591131772, 1, 240, 469, 399, 1, 0.63%, 0, 0, 4, 49.55
1591131777, 1, 240, 473, 402, 0, 0.63%, 0, 0, 4, 49.42
1591131782, 1, 243, 474, 403, 0, 0.63%, 0, 0, 4, 48.95
1591131787, 1, 246, 474, 403, 0, 0.63%, 0, 0, 4, 49.15
1591131792, 1, 246, 476, 405, 0, 0.63%, 0, 0, 4, 48.43
1591131797, 1, 246, 478, 407, 0, 0.63%, 0, 0, 4, 49.58
1591131802, 1, 246, 479, 408, 0, 0.63%, 0, 0, 4, 49.79
1591131807, 1, 246, 480, 409, 0, 0.63%, 0, 0, 4, 49.70
1591131827, 1, 246, 481, 410, 0, 0.63%, 0, 0, 4, 43.86
1591131832, 1, 246, 482, 411, 0, 0.63%, 0, 0, 4, 42.48
1591131837, 1, 246, 483, 412, 0, 0.63%, 0, 0, 4, 41.66
1591131848, 1, 246, 484, 413, 0, 0.63%, 0, 0, 4, 39.72
1591131868, 1, 246, 485, 414, 0, 0.63%, 0, 0, 4, 41.81
1591131888, 1, 247, 485, 413, 0, 0.63%, 0, 0, 4, 42.04
1591131893, 1, 247, 486, 414, 0, 0.63%, 0, 0, 4, 41.90
1591131898, 1, 248, 486, 413, 0, 0.63%, 0, 0, 4, 41.68
1591131903, 1, 248, 488, 415, 0, 0.63%, 0, 0, 4, 41.65
1591131908, 1, 248, 489, 416, 0, 0.63%, 0, 0, 4, 41.95
1591131914, 1, 251, 489, 415, 0, 0.63%, 0, 0, 4, 37.70
1591131924, 1, 251, 510, 436, 0, 0.63%, 0, 0, 4, 41.89
1591131929, 1, 253, 515, 441, 0, 0.63%, 0, 0, 4, 41.82
1591131939, 1, 254, 515, 440, 0, 0.63%, 0, 0, 4, 41.81
1591131949, 1, 257, 515, 439, 0, 0.63%, 0, 0, 4, 37.36
1591131960, 1, 259, 516, 440, 0, 0.63%, 0, 0, 4, 41.61
1591131970, 1, 260, 516, 439, 0, 0.63%, 0, 0, 4, 41.79
1591131980, 1, 260, 526, 448, 0, 0.63%, 0, 0, 4, 39.49
1591131985, 1, 261, 527, 449, 0, 0.63%, 0, 0, 4, 37.47
1591131995, 1, 264, 527, 448, 0, 0.63%, 0, 0, 4, 41.43
1591132005, 1, 267, 527, 447, 0, 0.63%, 0, 0, 4, 41.63
1591132010, 1, 271, 527, 447, 0, 0.63%, 0, 0, 4, 41.55
1591132021, 1, 271, 528, 448, 0, 0.63%, 0, 0, 4, 38.08
1591132026, 1, 276, 528, 447, 0, 0.63%, 0, 0, 4, 40.26
1591132031, 1, 276, 530, 449, 0, 0.63%, 0, 0, 4, 44.14
1591132036, 1, 280, 535, 454, 0, 0.63%, 0, 0, 4, 41.96
1591132046, 1, 287, 536, 454, 0, 0.63%, 0, 0, 4, 42.87
1591132056, 1, 289, 536, 453, 0, 0.63%, 0, 0, 4, 43.21
1591132066, 1, 290, 537, 454, 0, 0.63%, 0, 0, 4, 43.67
1591132071, 1, 291, 537, 454, 0, 0.63%, 0, 0, 4, 42.30
1591132081, 1, 291, 540, 457, 0, 0.63%, 0, 0, 4, 42.68
1591132086, 1, 292, 551, 468, 0, 0.63%, 0, 0, 4, 42.10
1591132097, 1, 294, 551, 468, 0, 0.63%, 0, 0, 4, 41.13
1591132107, 1, 299, 551, 467, 0, 0.63%, 0, 0, 4, 43.08
1591132117, 1, 302, 551, 466, 0, 0.63%, 0, 0, 4, 43.51
1591132122, 1, 303, 551, 465, 0, 0.63%, 0, 0, 4, 43.74
1591132132, 1, 304, 553, 467, 0, 0.63%, 0, 0, 4, 44.34
1591132142, 1, 309, 553, 466, 0, 0.63%, 0, 0, 4, 43.04
1591132152, 1, 312, 553, 466, 0, 0.63%, 0, 0, 4, 42.97
1591132162, 1, 313, 553, 465, 0, 0.63%, 0, 0, 4, 41.75
1591132173, 1, 314, 553, 464, 0, 0.63%, 0, 0, 4, 41.73
1591132183, 1, 319, 558, 469, 0, 0.63%, 0, 0, 4, 41.25
1591132193, 1, 320, 558, 468, 0, 0.63%, 0, 0, 4, 42.96
1591132198, 1, 324, 558, 468, 0, 0.63%, 0, 0, 4, 42.75
1591132208, 1, 325, 558, 468, 0, 0.63%, 0, 0, 4, 43.82
1591132218, 1, 327, 558, 467, 0, 0.63%, 0, 0, 4, 44.53
1591132223, 1, 327, 561, 470, 0, 0.63%, 0, 0, 4, 44.37
1591132228, 1, 329, 561, 470, 0, 0.63%, 0, 0, 4, 43.82
1591132233, 1, 330, 561, 470, 0, 0.63%, 0, 0, 4, 44.94
1591132239, 1, 330, 562, 471, 0, 0.63%, 0, 0, 4, 42.44
1591132244, 1, 331, 562, 471, 0, 0.63%, 0, 0, 4, 41.76
1591132249, 1, 331, 563, 472, 0, 0.63%, 0, 0, 4, 43.49
1591132254, 1, 335, 563, 472, 0, 0.63%, 0, 0, 4, 45.37
1591132264, 1, 340, 564, 472, 0, 0.63%, 0, 0, 4, 43.51
1591132269, 1, 340, 565, 473, 0, 0.63%, 0, 0, 4, 44.79
1591132274, 1, 343, 566, 473, 0, 0.63%, 0, 0, 4, 44.56
1591132279, 1, 343, 568, 475, 0, 0.63%, 0, 0, 4, 44.00
1591132284, 1, 344, 569, 475, 0, 0.63%, 0, 0, 4, 44.75
1591132294, 1, 348, 569, 474, 0, 0.63%, 0, 0, 4, 45.05
1591132299, 1, 348, 571, 476, 0, 0.63%, 0, 0, 4, 44.83
1591132304, 1, 352, 572, 476, 0, 0.63%, 0, 0, 4, 44.72
1591132315, 1, 355, 572, 475, 0, 0.63%, 0, 0, 4, 43.53
1591132320, 1, 355, 573, 476, 0, 0.63%, 0, 0, 4, 44.31
1591132330, 1, 357, 575, 477, 0, 0.63%, 0, 0, 4, 43.75
1591132340, 1, 361, 575, 477, 0, 0.63%, 0, 0, 4, 41.41
1591132345, 1, 362, 575, 477, 0, 0.63%, 0, 0, 4, 44.15
1591132355, 1, 363, 575, 477, 0, 0.63%, 0, 0, 4, 41.30
1591132365, 1, 364, 576, 477, 0, 0.63%, 0, 0, 4, 43.59
1591132375, 1, 366, 580, 480, 0, 0.63%, 0, 0, 4, 41.73
1591132386, 1, 368, 580, 480, 0, 0.63%, 0, 0, 4, 41.31
1591132396, 1, 369, 581, 480, 0, 0.63%, 0, 0, 4, 42.81
1591132406, 1, 373, 582, 480, 0, 0.63%, 0, 0, 4, 41.77
1591132416, 1, 376, 582, 480, 0, 0.63%, 0, 0, 4, 40.45
1591132426, 1, 377, 585, 482, 0, 0.63%, 0, 0, 4, 45.24
1591132436, 1, 379, 585, 481, 0, 0.63%, 0, 0, 4, 46.56
1591132441, 1, 379, 586, 482, 0, 0.63%, 0, 0, 4, 46.44
1591132446, 1, 380, 587, 482, 0, 0.63%, 0, 0, 4, 45.55
1591132457, 1, 381, 587, 482, 0, 0.63%, 0, 0, 4, 47.05
1591132462, 1, 387, 587, 481, 0, 0.63%, 0, 0, 4, 47.66
1591132472, 1, 387, 593, 486, 0, 0.63%, 0, 0, 4, 44.98
1591132477, 1, 393, 594, 487, 0, 0.63%, 0, 0, 5, 43.62
1591132497, 1, 395, 594, 486, 0, 0.63%, 0, 0, 5, 44.84
1591132502, 1, 395, 595, 487, 0, 0.63%, 0, 0, 5, 44.84
1591132512, 1, 396, 595, 486, 0, 0.63%, 0, 0, 5, 42.84
1591132517, 1, 396, 596, 487, 0, 0.63%, 0, 0, 5, 46.41
1591132522, 1, 397, 596, 487, 0, 0.63%, 0, 0, 5, 46.01
1591132532, 1, 399, 597, 487, 0, 0.63%, 0, 0, 5, 40.86
1591132537, 1, 399, 598, 488, 0, 0.63%, 0, 0, 5, 43.88
1591132542, 1, 399, 601, 490, 0, 0.63%, 0, 0, 5, 42.89
1591132548, 1, 402, 602, 491, 0, 0.63%, 0, 0, 5, 43.39
1591132553, 1, 407, 602, 490, 0, 0.63%, 0, 0, 5, 43.27
1591132558, 1, 407, 603, 491, 0, 0.63%, 0, 0, 5, 45.95
1591132578, 1, 409, 603, 490, 0, 0.63%, 0, 0, 5, 43.61
1591132598, 1, 410, 604, 490, 0, 0.63%, 0, 0, 5, 41.47
1591132619, 1, 413, 604, 489, 0, 0.63%, 0, 0, 5, 41.17
1591132624, 1, 413, 606, 491, 0, 0.63%, 0, 0, 5, 40.03
1591132629, 1, 413, 613, 497, 0, 0.63%, 0, 0, 5, 38.31
1591132634, 1, 414, 618, 502, 0, 0.63%, 0, 0, 5, 38.70
1591132644, 1, 420, 618, 501, 0, 0.63%, 0, 0, 5, 42.61
1591132649, 1, 420, 618, 501, 0, 0.63%, 0, 1, 5, 38.19
1591132654, 1, 425, 618, 501, 0, 0.63%, 0, 1, 5, 40.41
1591132659, 1, 425, 621, 504, 0, 0.63%, 0, 1, 5, 41.22
1591132664, 1, 426, 622, 504, 0, 0.63%, 0, 1, 5, 41.02
1591132680, 1, 428, 622, 503, 0, 0.63%, 0, 1, 5, 39.71
1591132685, 1, 428, 623, 504, 0, 0.63%, 0, 1, 5, 41.14
1591132690, 1, 434, 626, 507, 0, 0.63%, 0, 1, 5, 41.60
1591132700, 1, 435, 627, 507, 0, 0.63%, 0, 1, 5, 41.87
1591132710, 1, 436, 627, 506, 0, 0.63%, 0, 1, 5, 41.83
1591132720, 1, 441, 628, 506, 0, 0.63%, 0, 1, 5, 42.11
1591132726, 1, 441, 629, 507, 0, 0.63%, 0, 1, 5, 42.29
1591132736, 1, 445, 629, 506, 0, 0.63%, 0, 1, 5, 42.21
1591132746, 1, 446, 633, 510, 0, 0.63%, 0, 1, 5, 39.40
1591132756, 1, 447, 633, 510, 0, 0.63%, 0, 1, 5, 39.25
1591132766, 1, 452, 633, 509, 0, 0.63%, 0, 1, 5, 39.17
1591132776, 1, 454, 633, 508, 0, 0.63%, 0, 1, 5, 39.55
1591132787, 1, 463, 633, 507, 0, 0.63%, 0, 1, 5, 38.93
1591132792, 1, 463, 634, 508, 0, 0.63%, 0, 1, 5, 40.57
1591132802, 1, 472, 636, 509, 0, 0.63%, 0, 1, 5, 42.20
1591132807, 1, 472, 637, 510, 0, 0.63%, 0, 1, 5, 42.70
1591132827, 1, 473, 637, 509, 0, 0.63%, 0, 1, 5, 41.97
1591132838, 1, 473, 638, 510, 0, 0.63%, 0, 1, 5, 41.18
1591132853, 1, 473, 639, 511, 0, 0.63%, 0, 1, 5, 41.59
1591132858, 1, 479, 639, 510, 0, 0.63%, 0, 1, 5, 42.73
1591132894, 1, 489, 639, 509, 0, 0.63%, 0, 1, 5, 42.03
1591132914, 1, 491, 639, 508, 0, 0.63%, 0, 1, 5, 42.18
1591132934, 1, 491, 645, 513, 0, 0.63%, 0, 1, 5, 42.91
1591132939, 1, 499, 649, 517, 0, 0.63%, 0, 1, 5, 42.80
1591132944, 1, 499, 652, 520, 0, 0.63%, 0, 1, 5, 43.14
1591133000, 1, 502, 652, 519, 0, 0.63%, 0, 1, 5, 43.99
1591133020, 1, 503, 652, 518, 0, 0.63%, 0, 1, 5, 43.46
1591133036, 1, 509, 652, 517, 0, 0.63%, 0, 1, 5, 45.28
1591133061, 1, 516, 652, 516, 0, 0.63%, 0, 1, 5, 44.95
1591133081, 1, 516, 658, 521, 0, 0.63%, 0, 1, 5, 43.72
1591133086, 1, 517, 661, 524, 0, 0.63%, 0, 1, 5, 42.64
1591133096, 1, 517, 662, 525, 0, 0.63%, 0, 1, 5, 43.12
1591133106, 1, 519, 662, 524, 0, 0.63%, 0, 1, 5, 42.71
1591133132, 1, 520, 662, 523, 0, 0.63%, 0, 1, 5, 43.12
1591133157, 1, 522, 662, 522, 0, 0.63%, 0, 1, 5, 43.52
1591133177, 1, 526, 662, 521, 0, 0.63%, 0, 1, 5, 43.13
1591133182, 1, 526, 663, 522, 0, 0.63%, 0, 1, 5, 43.01
1591133198, 1, 528, 672, 530, 0, 0.63%, 0, 1, 5, 43.71
1591133203, 1, 528, 673, 531, 0, 0.63%, 0, 1, 5, 44.42
1591133223, 1, 531, 673, 530, 0, 0.63%, 0, 1, 5, 45.45
1591133228, 1, 531, 674, 531, 0, 0.63%, 0, 1, 5, 45.20
1591133238, 1, 531, 675, 532, 0, 0.63%, 0, 1, 5, 45.35
1591133243, 1, 531, 676, 533, 0, 0.63%, 0, 1, 5, 45.13
1591133279, 1, 531, 677, 534, 0, 0.63%, 0, 1, 5, 46.31
1591133284, 1, 540, 677, 533, 0, 0.63%, 0, 1, 5, 45.69
1591133294, 1, 540, 678, 534, 0, 0.63%, 0, 1, 5, 46.60
1591133299, 1, 540, 679, 535, 0, 0.63%, 0, 1, 5, 46.93
1591133324, 1, 544, 679, 534, 0, 0.63%, 0, 1, 5, 45.88
1591133334, 1, 544, 680, 535, 0, 0.63%, 0, 1, 5, 44.30
1591133345, 1, 552, 680, 534, 0, 0.63%, 0, 1, 5, 44.33
1591133365, 1, 558, 687, 540, 0, 0.63%, 0, 1, 5, 45.53
1591133385, 1, 559, 687, 539, 0, 0.63%, 0, 1, 5, 46.07
1591133395, 1, 559, 688, 540, 0, 0.63%, 0, 1, 5, 46.09
1591133400, 1, 559, 691, 543, 0, 0.63%, 0, 1, 5, 43.11
1591133416, 1, 563, 691, 542, 0, 0.63%, 0, 1, 5, 43.82
1591133451, 1, 565, 691, 541, 0, 0.63%, 0, 1, 5, 44.83
1591133476, 1, 568, 691, 540, 0, 0.63%, 0, 1, 5, 44.74
1591133507, 1, 568, 692, 541, 0, 0.63%, 0, 1, 5, 45.17
1591133512, 1, 570, 696, 544, 0, 0.63%, 0, 1, 5, 47.40
1591133517, 1, 570, 697, 545, 0, 0.63%, 0, 1, 5, 48.64
1591133557, 1, 576, 697, 544, 0, 0.63%, 0, 1, 5, 49.31
1591133582, 1, 578, 697, 543, 0, 0.63%, 0, 1, 5, 49.59
1591133603, 1, 580, 698, 543, 0, 0.63%, 0, 1, 5, 49.92
1591133623, 1, 586, 698, 542, 0, 0.63%, 0, 1, 5, 50.11
1591133628, 1, 586, 699, 543, 0, 0.63%, 0, 1, 5, 50.01
1591133633, 1, 586, 700, 544, 0, 0.63%, 0, 1, 5, 49.52
1591133638, 1, 586, 705, 548, 0, 0.63%, 0, 1, 5, 49.35
1591133643, 1, 593, 705, 548, 0, 0.63%, 0, 1, 5, 49.82
1591133673, 1, 595, 705, 547, 0, 0.63%, 0, 1, 5, 49.73
1591133689, 1, 598, 705, 546, 0, 0.63%, 0, 1, 5, 49.95
1591133709, 1, 605, 705, 545, 0, 0.63%, 0, 1, 5, 50.05
1591133729, 1, 606, 705, 544, 0, 0.63%, 0, 1, 5, 49.87
1591133749, 1, 606, 707, 545, 0, 0.63%, 0, 1, 5, 50.05
1591133754, 1, 608, 707, 545, 0, 0.63%, 0, 1, 5, 49.89
1591133770, 1, 609, 708, 545, 0, 0.63%, 0, 1, 5, 50.15
1591133785, 1, 620, 709, 545, 0, 0.63%, 0, 1, 5, 49.56
1591133805, 1, 622, 709, 544, 0, 0.63%, 0, 1, 5, 46.39
1591133810, 1, 622, 710, 545, 0, 0.63%, 0, 1, 5, 45.41
1591133820, 1, 622, 711, 546, 0, 0.63%, 0, 1, 5, 42.02
1591133846, 1, 628, 711, 545, 0, 0.63%, 0, 1, 5, 41.94
1591133871, 1, 631, 713, 546, 0, 0.63%, 0, 1, 5, 41.21
1591133881, 1, 631, 714, 547, 0, 0.63%, 0, 1, 5, 41.40
1591133891, 1, 633, 714, 546, 0, 0.63%, 0, 1, 5, 42.20
1591133912, 1, 641, 714, 545, 0, 0.63%, 0, 1, 5, 41.86
1591133927, 1, 641, 715, 546, 0, 0.63%, 0, 1, 5, 41.28
1591133937, 1, 649, 715, 545, 0, 0.63%, 0, 1, 5, 40.03
1591133958, 1, 652, 715, 544, 0, 0.63%, 0, 1, 5, 41.74
1591133968, 1, 652, 716, 545, 0, 0.63%, 0, 1, 5, 37.89
1591133988, 1, 656, 717, 545, 0, 0.63%, 0, 1, 5, 42.09
1591134014, 1, 657, 717, 544, 0, 0.63%, 0, 1, 5, 42.02
1591134019, 1, 657, 718, 545, 0, 0.63%, 0, 1, 5, 42.07
1591134044, 1, 660, 718, 544, 0, 0.63%, 0, 1, 5, 40.59
1591134080, 1, 662, 718, 543, 0, 0.63%, 0, 1, 5, 41.56
1591134100, 1, 663, 718, 542, 0, 0.63%, 0, 1, 5, 41.74
1591134105, 1, 663, 719, 543, 0, 0.63%, 0, 1, 5, 37.72
1591134125, 1, 663, 721, 544, 0, 0.63%, 0, 1, 5, 41.44
1591134131, 1, 724, 730, 553, 1, 0.64%, 0, 1, 5, 41.50
1591134151, 1, 724, 730, 553, 1, 0.64%, 3, 1, 5, 41.30
1591134156, 1, 724, 730, 553, 1, 0.64%, 13, 1, 5, 41.78
1591134161, 1, 724, 730, 553, 1, 0.64%, 14, 1, 5, 41.51
1591134176, 2, 1, 730, 552, 0, 0.64%, 14, 1, 5, 36.93
1591134187, 2, 6, 730, 551, 0, 0.64%, 14, 1, 5, 41.85
1591134197, 2, 8, 730, 551, 0, 0.64%, 15, 1, 5, 41.58
1591134202, 2, 8, 732, 553, 0, 0.64%, 15, 1, 5, 41.97
1591134207, 2, 8, 734, 555, 0, 0.64%, 15, 1, 5, 41.98
1591134212, 2, 157, 734, 554, 1, 0.64%, 15, 1, 5, 37.18
1591134217, 2, 157, 735, 555, 1, 0.64%, 15, 1, 5, 39.62
1591134222, 2, 157, 741, 561, 1, 0.64%, 15, 1, 5, 41.77
1591134227, 2, 157, 744, 564, 1, 0.64%, 15, 1, 5, 41.35
1591134232, 2, 157, 750, 570, 1, 0.64%, 16, 1, 5, 41.48
1591134238, 2, 157, 765, 584, 1, 0.64%, 16, 1, 5, 41.26
1591134243, 2, 266, 770, 589, 1, 0.64%, 16, 1, 5, 42.19
1591134253, 2, 267, 770, 588, 0, 0.64%, 16, 1, 5, 40.56
1591134258, 2, 268, 770, 588, 0, 0.64%, 16, 1, 5, 41.82
1591134273, 2, 276, 770, 587, 0, 0.64%, 16, 1, 5, 42.27
1591134278, 2, 289, 770, 587, 0, 0.64%, 16, 1, 5, 42.00
1591134288, 2, 290, 771, 588, 0, 0.64%, 16, 1, 5, 41.21
1591134293, 2, 290, 771, 588, 0, 0.64%, 17, 1, 5, 41.73
1591134298, 2, 291, 773, 590, 0, 0.64%, 18, 1, 5, 41.84
1591134304, 2, 291, 777, 594, 0, 0.64%, 18, 1, 5, 41.12
1591134309, 2, 291, 780, 597, 0, 0.64%, 18, 1, 5, 41.46
1591134314, 2, 291, 782, 599, 0, 0.64%, 18, 1, 5, 40.55
1591134324, 2, 292, 784, 601, 0, 0.64%, 18, 1, 5, 40.31
1591134329, 2, 292, 793, 610, 0, 0.64%, 20, 1, 5, 39.86
1591134334, 2, 292, 800, 617, 0, 0.64%, 21, 1, 5, 39.52
1591134339, 2, 292, 807, 624, 0, 0.64%, 21, 1, 5, 38.90
1591134344, 2, 292, 810, 627, 0, 0.64%, 21, 1, 5, 40.99
1591134349, 2, 297, 810, 627, 0, 0.64%, 21, 1, 5, 38.80
1591134355, 2, 297, 813, 630, 0, 0.64%, 21, 1, 5, 37.63
1591134360, 2, 297, 817, 634, 0, 0.64%, 22, 1, 5, 37.84
1591134365, 2, 297, 818, 635, 0, 0.64%, 24, 1, 5, 38.51
1591134370, 2, 297, 822, 639, 0, 0.64%, 26, 1, 5, 38.49
1591134375, 2, 298, 823, 639, 0, 0.64%, 26, 1, 5, 41.17
1591134385, 2, 298, 824, 639, 0, 0.64%, 26, 1, 5, 37.51
1591134390, 2, 303, 830, 645, 0, 0.64%, 26, 1, 5, 38.84
1591134395, 2, 303, 831, 646, 0, 0.64%, 26, 1, 5, 40.60
1591134401, 2, 307, 832, 647, 0, 0.64%, 27, 1, 5, 41.77
1591134411, 2, 308, 832, 646, 0, 0.64%, 27, 1, 5, 41.61
1591134421, 2, 308, 833, 647, 0, 0.64%, 27, 1, 5, 35.91
1591134426, 2, 308, 838, 652, 0, 0.64%, 29, 1, 5, 36.21
1591134431, 2, 308, 840, 654, 0, 0.64%, 33, 1, 5, 38.58
1591134436, 2, 308, 840, 654, 0, 0.64%, 35, 1, 5, 39.77
1591134441, 2, 309, 840, 653, 0, 0.64%, 36, 1, 5, 41.49
1591134452, 2, 310, 840, 653, 0, 0.64%, 37, 1, 5, 3.32
1591134462, 2, 314, 846, 658, 0, 0.64%, 37, 1, 5, 39.31
1591134467, 2, 314, 848, 660, 0, 0.64%, 37, 1, 5, 42.11
1591134472, 2, 320, 848, 660, 0, 0.64%, 38, 1, 5, 41.61
1591134482, 2, 321, 848, 660, 0, 0.64%, 38, 1, 5, 42.37
1591134493, 2, 327, 848, 659, 0, 0.64%, 38, 1, 5, 41.50
