# unix_time, cycles_done, cur_path, paths_total, pending_total, pending_favs, map_size, unique_crashes, unique_hangs, max_depth, execs_per_sec
1591213369, 0, 0, 1, 1, 1, 0.26%, 0, 0, 1, 51.28
1591213375, 0, 0, 26, 26, 1, 0.43%, 0, 0, 2, 50.45
1591213380, 0, 0, 52, 52, 1, 0.46%, 0, 0, 2, 48.79
1591213385, 0, 0, 67, 67, 1, 0.48%, 0, 0, 2, 46.12
1591213390, 0, 0, 78, 78, 1, 0.48%, 0, 0, 2, 44.56
1591213395, 0, 0, 90, 90, 1, 0.50%, 0, 0, 2, 44.39
1591213400, 0, 0, 101, 101, 1, 0.53%, 0, 0, 2, 41.44
1591213405, 0, 0, 107, 107, 1, 0.53%, 0, 0, 2, 39.42
1591213410, 0, 0, 111, 111, 1, 0.53%, 0, 0, 2, 38.80
1591213415, 0, 0, 118, 118, 1, 0.54%, 0, 0, 2, 39.25
1591213420, 0, 0, 125, 125, 1, 0.54%, 0, 0, 2, 41.64
1591213425, 0, 0, 130, 130, 1, 0.54%, 0, 0, 2, 41.08
1591213431, 0, 0, 133, 133, 1, 0.54%, 0, 0, 2, 40.11
1591213436, 0, 0, 136, 136, 1, 0.54%, 0, 0, 2, 41.66
1591213441, 0, 0, 141, 141, 1, 0.55%, 0, 0, 2, 40.73
1591213446, 0, 0, 147, 147, 1, 0.55%, 0, 0, 2, 40.69
1591213451, 0, 0, 149, 149, 1, 0.55%, 0, 0, 2, 40.26
1591213456, 0, 0, 151, 151, 1, 0.55%, 0, 0, 2, 40.47
1591213461, 0, 0, 155, 155, 1, 0.56%, 0, 0, 2, 40.74
1591213466, 0, 0, 157, 157, 1, 0.56%, 0, 0, 2, 40.67
1591213471, 0, 0, 158, 158, 1, 0.56%, 0, 0, 2, 41.02
1591213476, 0, 0, 160, 160, 1, 0.56%, 0, 0, 2, 39.39
1591213481, 0, 0, 161, 161, 1, 0.56%, 0, 0, 2, 37.42
1591213487, 0, 0, 162, 162, 1, 0.56%, 0, 0, 2, 37.20
1591213492, 0, 0, 165, 165, 1, 0.57%, 0, 0, 2, 39.10
1591213497, 0, 0, 168, 168, 1, 0.57%, 0, 0, 2, 38.50
1591213502, 0, 0, 172, 172, 1, 0.57%, 0, 0, 2, 39.49
1591213507, 0, 0, 176, 176, 1, 0.58%, 0, 0, 2, 40.23
1591213512, 0, 0, 179, 179, 1, 0.58%, 0, 0, 2, 41.07
1591213517, 0, 0, 183, 183, 1, 0.59%, 0, 0, 2, 40.30
1591213522, 0, 0, 185, 184, 0, 0.59%, 0, 0, 2, 40.22
1591213527, 0, 0, 204, 203, 0, 0.62%, 0, 0, 2, 40.66
1591213532, 0, 0, 223, 222, 0, 0.65%, 0, 0, 2, 40.25
1591213538, 0, 0, 238, 237, 0, 0.65%, 0, 0, 2, 40.98
1591213543, 0, 0, 250, 249, 0, 0.67%, 0, 0, 2, 40.46
1591213548, 0, 11, 259, 258, 62, 0.67%, 0, 0, 2, 40.07
1591213558, 0, 11, 263, 262, 62, 0.67%, 0, 0, 3, 39.77
1591213563, 0, 17, 263, 261, 57, 0.67%, 0, 0, 3, 40.13
1591213573, 0, 27, 263, 260, 56, 0.67%, 0, 0, 3, 39.68
1591213578, 0, 27, 265, 262, 56, 0.67%, 0, 0, 3, 39.57
1591213583, 0, 41, 266, 262, 54, 0.67%, 0, 0, 3, 38.94
1591213593, 0, 41, 268, 264, 54, 0.67%, 0, 0, 3, 40.08
1591213599, 0, 49, 268, 263, 53, 0.67%, 0, 0, 3, 40.29
1591213604, 0, 49, 270, 265, 53, 0.67%, 0, 0, 3, 41.27
1591213609, 0, 49, 280, 274, 52, 0.68%, 0, 0, 3, 40.37
1591213614, 0, 49, 300, 294, 52, 0.68%, 0, 0, 3, 40.51
1591213619, 0, 75, 315, 309, 55, 0.68%, 0, 0, 3, 37.99
1591213634, 0, 90, 316, 309, 54, 0.68%, 0, 0, 3, 39.87
1591213639, 0, 90, 324, 317, 54, 0.68%, 0, 0, 3, 41.11
1591213644, 0, 90, 328, 321, 54, 0.68%, 0, 0, 3, 40.07
1591213649, 0, 90, 331, 324, 54, 0.68%, 0, 0, 3, 41.99
1591213655, 0, 90, 333, 326, 54, 0.68%, 0, 0, 3, 38.14
1591213660, 0, 91, 336, 328, 58, 0.68%, 0, 0, 3, 39.24
1591213665, 0, 91, 337, 329, 58, 0.68%, 0, 0, 3, 39.39
1591213670, 0, 93, 339, 330, 57, 0.69%, 0, 0, 3, 40.95
1591213675, 0, 93, 341, 332, 57, 0.69%, 0, 0, 3, 42.97
1591213680, 0, 99, 342, 332, 57, 0.69%, 0, 0, 3, 42.07
1591213685, 0, 99, 343, 333, 57, 0.69%, 0, 0, 3, 42.35
1591213690, 0, 99, 345, 335, 57, 0.69%, 0, 0, 3, 42.08
1591213695, 0, 99, 353, 342, 56, 0.69%, 0, 0, 3, 38.80
1591213700, 0, 99, 368, 357, 56, 0.69%, 0, 0, 3, 39.58
1591213706, 0, 107, 372, 360, 54, 0.69%, 0, 0, 3, 38.15
1591213711, 0, 107, 374, 362, 54, 0.69%, 0, 0, 3, 42.66
1591213726, 0, 120, 374, 361, 54, 0.69%, 0, 0, 3, 46.53
1591213731, 0, 120, 376, 363, 54, 0.69%, 0, 0, 3, 46.87
1591213736, 0, 138, 376, 361, 52, 0.69%, 0, 0, 3, 46.69
1591213741, 0, 138, 379, 364, 52, 0.69%, 0, 0, 3, 46.26
1591213746, 0, 138, 386, 370, 51, 0.69%, 0, 0, 3, 46.26
1591213751, 0, 145, 405, 389, 51, 0.69%, 0, 0, 3, 46.98
1591213761, 0, 155, 406, 389, 50, 0.69%, 0, 0, 3, 47.63
1591213766, 0, 157, 406, 388, 49, 0.69%, 0, 0, 3, 47.37
1591213776, 0, 171, 406, 387, 48, 0.69%, 0, 0, 3, 48.28
1591213782, 0, 172, 407, 387, 47, 0.69%, 0, 0, 3, 49.34
1591213792, 0, 173, 417, 396, 44, 0.69%, 0, 0, 3, 47.84
1591213802, 0, 174, 417, 395, 43, 0.69%, 0, 0, 3, 43.30
1591213807, 0, 174, 419, 397, 43, 0.69%, 0, 0, 3, 45.70
1591213812, 0, 175, 420, 397, 42, 0.69%, 0, 0, 3, 46.97
1591213822, 0, 177, 421, 397, 42, 0.69%, 0, 0, 3, 43.06
1591213832, 0, 188, 421, 396, 41, 0.69%, 0, 0, 3, 42.35
1591213843, 0, 188, 424, 398, 40, 0.69%, 0, 0, 3, 35.02
1591213848, 0, 188, 442, 416, 40, 0.69%, 0, 0, 3, 39.39
1591213853, 0, 189, 445, 419, 40, 0.69%, 0, 0, 3, 40.02
1591213858, 0, 190, 445, 418, 39, 0.69%, 0, 0, 3, 42.82
1591213863, 0, 190, 446, 419, 39, 0.69%, 0, 0, 3, 42.17
1591213868, 0, 193, 446, 418, 38, 0.69%, 0, 0, 3, 42.18
1591213878, 0, 195, 447, 418, 37, 0.69%, 0, 0, 3, 38.24
1591213888, 0, 196, 448, 418, 36, 0.69%, 0, 0, 3, 41.07
1591213898, 0, 196, 454, 423, 35, 0.69%, 0, 0, 3, 39.40
1591213904, 0, 197, 455, 424, 35, 0.69%, 0, 0, 3, 38.77
1591213909, 0, 200, 455, 423, 34, 0.69%, 0, 0, 3, 41.03
1591213919, 0, 202, 455, 422, 34, 0.69%, 0, 0, 3, 43.11
1591213924, 0, 202, 456, 423, 34, 0.69%, 0, 0, 3, 40.90
1591213929, 0, 203, 456, 422, 33, 0.69%, 0, 0, 3, 42.79
1591213939, 0, 204, 456, 421, 32, 0.69%, 0, 0, 3, 42.05
1591213949, 0, 205, 459, 423, 31, 0.69%, 0, 0, 3, 41.73
1591213960, 0, 213, 459, 422, 30, 0.69%, 0, 0, 3, 43.22
1591213965, 0, 218, 459, 421, 29, 0.69%, 0, 0, 3, 42.97
1591213970, 0, 218, 460, 422, 29, 0.69%, 0, 0, 3, 42.93
1591213975, 0, 221, 460, 421, 28, 0.69%, 0, 0, 3, 43.06
1591213985, 0, 226, 460, 420, 27, 0.69%, 0, 0, 3, 42.77
1591213990, 0, 226, 460, 419, 26, 0.69%, 0, 0, 3, 42.89
1591213995, 0, 230, 462, 421, 26, 0.69%, 0, 0, 3, 43.49
1591214000, 0, 232, 462, 420, 25, 0.69%, 0, 0, 3, 43.22
1591214011, 0, 241, 462, 419, 24, 0.69%, 0, 0, 3, 43.47
1591214021, 0, 243, 462, 418, 24, 0.69%, 0, 0, 3, 43.44
1591214026, 0, 243, 463, 419, 24, 0.69%, 0, 0, 3, 43.44
1591214031, 0, 254, 463, 418, 23, 0.69%, 0, 0, 3, 39.56
1591214041, 0, 258, 469, 423, 22, 0.69%, 0, 0, 3, 36.66
1591214052, 0, 263, 469, 422, 21, 0.69%, 0, 0, 3, 42.28
1591214057, 0, 270, 469, 421, 20, 0.69%, 0, 0, 3, 42.53
1591214067, 0, 275, 469, 420, 19, 0.69%, 0, 0, 3, 45.37
1591214077, 0, 278, 469, 419, 19, 0.69%, 0, 0, 3, 43.40
1591214082, 0, 278, 470, 420, 19, 0.69%, 0, 0, 3, 43.35
1591214087, 0, 314, 478, 427, 18, 0.69%, 0, 0, 3, 43.03
1591214097, 0, 316, 478, 426, 17, 0.69%, 0, 0, 3, 43.19
1591214107, 0, 331, 478, 425, 16, 0.69%, 0, 0, 3, 43.33
1591214118, 0, 338, 478, 424, 15, 0.69%, 0, 0, 3, 42.80
1591214128, 0, 339, 478, 423, 14, 0.69%, 0, 0, 3, 43.57
1591214133, 0, 339, 484, 428, 13, 0.69%, 0, 0, 3, 43.69
1591214138, 0, 344, 486, 430, 13, 0.69%, 0, 0, 3, 43.55
1591214144, 0, 379, 486, 429, 12, 0.69%, 0, 0, 3, 47.04
1591214154, 0, 399, 486, 428, 11, 0.69%, 0, 0, 3, 48.74
1591214159, 0, 414, 486, 427, 10, 0.69%, 0, 0, 3, 48.75
1591214169, 0, 419, 486, 426, 9, 0.69%, 0, 0, 3, 48.55
1591214174, 0, 419, 487, 427, 9, 0.69%, 0, 0, 4, 48.31
1591214180, 0, 422, 504, 443, 8, 0.69%, 0, 0, 4, 47.95
1591214190, 0, 430, 505, 443, 7, 0.69%, 0, 0, 4, 48.35
1591214200, 0, 434, 505, 442, 7, 0.69%, 0, 0, 4, 47.56
1591214210, 0, 479, 505, 441, 7, 0.69%, 0, 0, 4, 48.47
1591214215, 0, 480, 505, 440, 6, 0.69%, 0, 0, 4, 48.74
1591214226, 0, 480, 511, 445, 5, 0.69%, 0, 0, 4, 48.19
1591214231, 0, 522, 524, 458, 5, 0.69%, 0, 0, 4, 48.08
1591214236, 0, 522, 525, 459, 5, 0.69%, 0, 0, 4, 48.34
1591214246, 1, 3, 526, 459, 5, 0.69%, 0, 0, 4, 48.17
1591214251, 1, 28, 527, 459, 4, 0.69%, 0, 0, 4, 48.37
1591214256, 1, 28, 528, 460, 4, 0.69%, 0, 0, 4, 48.73
1591214261, 1, 36, 528, 459, 3, 0.69%, 0, 0, 4, 48.66
1591214266, 1, 36, 529, 460, 3, 0.69%, 0, 0, 4, 48.78
1591214271, 1, 52, 529, 459, 2, 0.69%, 0, 0, 4, 46.03
1591214276, 1, 52, 533, 462, 2, 0.69%, 0, 0, 4, 45.60
1591214281, 1, 96, 552, 481, 3, 0.69%, 0, 0, 4, 47.16
1591214291, 1, 132, 552, 480, 2, 0.69%, 0, 0, 4, 48.36
1591214297, 1, 161, 552, 479, 2, 0.69%, 0, 0, 4, 48.20
1591214307, 1, 170, 553, 479, 2, 0.69%, 0, 0, 4, 42.61
1591214317, 1, 170, 558, 484, 2, 0.69%, 0, 0, 4, 46.51
1591214322, 1, 170, 560, 486, 2, 0.69%, 0, 0, 4, 43.80
1591214327, 1, 170, 562, 488, 2, 0.69%, 0, 0, 4, 41.87
1591214332, 1, 248, 562, 487, 2, 0.69%, 0, 0, 4, 42.09
1591214343, 1, 248, 573, 497, 1, 0.69%, 0, 0, 4, 43.51
1591214348, 1, 529, 578, 502, 1, 0.69%, 0, 0, 4, 43.22
1591214353, 1, 529, 579, 503, 1, 0.69%, 0, 0, 4, 43.24
1591214378, 1, 529, 580, 504, 1, 0.69%, 0, 0, 4, 43.45
1591214383, 1, 536, 580, 503, 0, 0.69%, 0, 0, 4, 43.27
1591214393, 1, 536, 581, 504, 0, 0.69%, 0, 0, 4, 42.72
1591214398, 1, 536, 582, 505, 0, 0.69%, 0, 0, 4, 43.11
1591214444, 1, 540, 582, 504, 0, 0.69%, 0, 0, 4, 42.49
1591214474, 1, 544, 582, 503, 0, 0.69%, 0, 0, 4, 44.04
1591214500, 1, 559, 582, 502, 0, 0.69%, 0, 0, 4, 43.29
1591214505, 1, 559, 583, 503, 0, 0.69%, 0, 0, 4, 42.94
1591214510, 1, 559, 586, 506, 0, 0.69%, 0, 0, 4, 43.01
1591214515, 1, 559, 587, 507, 0, 0.69%, 0, 0, 4, 42.86
1591214530, 1, 559, 588, 508, 0, 0.69%, 0, 0, 4, 43.16
1591214551, 1, 559, 589, 509, 0, 0.69%, 0, 0, 4, 41.76
1591214561, 1, 559, 590, 510, 0, 0.69%, 0, 0, 4, 42.94
1591214586, 1, 559, 592, 512, 0, 0.69%, 0, 0, 4, 42.86
1591214596, 1, 559, 594, 513, 0, 0.69%, 0, 0, 4, 41.47
1591214601, 1, 559, 618, 537, 0, 0.69%, 0, 0, 4, 42.13
1591214606, 1, 559, 639, 558, 0, 0.69%, 0, 0, 4, 41.82
1591214611, 1, 559, 662, 581, 0, 0.69%, 0, 0, 4, 41.53
1591214616, 1, 560, 665, 584, 0, 0.69%, 0, 0, 4, 42.10
1591214642, 1, 562, 665, 583, 0, 0.69%, 0, 0, 4, 47.45
1591214652, 1, 562, 666, 584, 0, 0.69%, 0, 0, 4, 47.72
1591214672, 1, 562, 667, 585, 0, 0.69%, 0, 0, 4, 47.05
1591214677, 1, 564, 667, 584, 0, 0.69%, 0, 0, 4, 46.76
1591214698, 1, 564, 671, 588, 0, 0.69%, 0, 0, 4, 47.20
1591214703, 1, 564, 672, 589, 0, 0.69%, 0, 0, 4, 46.88
1591214713, 1, 565, 672, 588, 0, 0.69%, 0, 0, 4, 47.96
1591214728, 1, 566, 672, 587, 0, 0.69%, 0, 0, 4, 47.69
1591214764, 1, 566, 681, 595, 0, 0.69%, 0, 0, 4, 46.91
1591214769, 1, 566, 707, 621, 0, 0.69%, 0, 0, 4, 46.50
1591214774, 1, 626, 715, 629, 2, 0.69%, 0, 0, 4, 46.65
1591214830, 1, 626, 717, 631, 2, 0.69%, 0, 0, 4, 47.48
1591214841, 1, 673, 717, 630, 2, 0.69%, 0, 0, 4, 48.11
1591214866, 1, 712, 717, 629, 2, 0.69%, 0, 0, 4, 47.79
1591214891, 1, 712, 721, 633, 2, 0.69%, 0, 0, 4, 45.97
1591214896, 1, 712, 722, 634, 2, 0.69%, 0, 0, 4, 45.65
1591214906, 1, 712, 723, 635, 2, 0.69%, 0, 0, 4, 46.34
1591214983, 1, 717, 723, 634, 2, 0.69%, 0, 0, 4, 39.92
1591215028, 1, 717, 726, 637, 2, 0.69%, 0, 0, 4, 38.03
1591215049, 2, 24, 726, 636, 1, 0.69%, 0, 0, 4, 41.08
1591215059, 2, 24, 728, 637, 0, 0.69%, 0, 0, 4, 35.99
1591215064, 2, 24, 747, 656, 0, 0.69%, 0, 0, 4, 35.05
1591215069, 2, 24, 766, 675, 0, 0.69%, 0, 0, 4, 36.03
1591215074, 2, 27, 768, 677, 0, 0.69%, 0, 0, 4, 39.02
1591215085, 2, 28, 770, 679, 0, 0.69%, 0, 0, 4, 37.05
1591215095, 2, 36, 770, 679, 0, 0.69%, 0, 0, 4, 37.13
1591215100, 2, 40, 770, 679, 0, 0.69%, 0, 0, 4, 39.88
1591215115, 2, 41, 770, 678, 0, 0.69%, 0, 0, 4, 40.37
1591215121, 2, 41, 774, 682, 0, 0.69%, 0, 0, 4, 38.70
1591215126, 2, 46, 786, 694, 0, 0.69%, 0, 0, 4, 31.96
1591215136, 2, 49, 786, 693, 0, 0.69%, 0, 0, 4, 39.47
1591215146, 2, 54, 786, 693, 0, 0.69%, 0, 0, 4, 39.55
1591215156, 2, 64, 788, 694, 0, 0.69%, 0, 0, 4, 40.16
1591215167, 2, 65, 788, 693, 0, 0.69%, 0, 0, 4, 38.29
1591215177, 2, 65, 790, 694, 0, 0.69%, 0, 0, 4, 38.67
1591215182, 2, 71, 805, 709, 0, 0.69%, 0, 0, 4, 35.05
1591215187, 2, 71, 806, 710, 0, 0.69%, 0, 0, 4, 37.62
1591215192, 2, 71, 807, 711, 0, 0.69%, 0, 0, 4, 37.85
1591215197, 2, 72, 807, 710, 0, 0.69%, 0, 0, 4, 35.13
1591215207, 2, 74, 807, 709, 0, 0.69%, 0, 0, 4, 40.67
1591215218, 2, 75, 807, 708, 0, 0.69%, 0, 0, 4, 39.19
1591215223, 2, 78, 807, 708, 0, 0.69%, 0, 0, 4, 40.20
1591215233, 2, 78, 808, 708, 0, 0.69%, 0, 0, 4, 34.97
1591215238, 2, 79, 813, 713, 0, 0.69%, 0, 0, 4, 38.42
1591215243, 2, 79, 815, 715, 0, 0.69%, 0, 0, 4, 34.97
1591215248, 2, 81, 816, 715, 0, 0.69%, 0, 0, 4, 39.21
1591215258, 2, 90, 816, 714, 0, 0.69%, 0, 0, 4, 40.74
1591215269, 2, 91, 816, 714, 0, 0.69%, 0, 0, 4, 37.15
1591215274, 2, 93, 816, 714, 0, 0.69%, 0, 0, 4, 38.21
1591215284, 2, 93, 826, 724, 0, 0.69%, 0, 0, 4, 35.48
1591215289, 2, 95, 826, 724, 0, 0.69%, 0, 0, 4, 39.25
1591215294, 2, 97, 826, 723, 0, 0.69%, 0, 0, 4, 40.53
1591215304, 2, 101, 826, 722, 0, 0.69%, 0, 0, 4, 36.54
1591215315, 2, 101, 827, 723, 0, 0.69%, 0, 0, 4, 36.57
1591215320, 2, 106, 827, 722, 0, 0.69%, 0, 0, 4, 39.47
1591215330, 2, 116, 830, 724, 0, 0.69%, 0, 0, 4, 38.17
1591215340, 2, 118, 830, 723, 0, 0.69%, 0, 0, 4, 36.92
1591215350, 2, 120, 830, 722, 0, 0.69%, 0, 0, 4, 39.96
1591215361, 2, 123, 830, 722, 0, 0.69%, 0, 0, 4, 39.21
1591215371, 2, 124, 830, 721, 0, 0.69%, 0, 0, 4, 34.83
1591215381, 2, 129, 834, 724, 0, 0.69%, 0, 0, 4, 39.21
1591215391, 2, 143, 834, 723, 0, 0.69%, 0, 0, 4, 40.39
1591215401, 2, 144, 834, 722, 0, 0.69%, 0, 0, 4, 40.79
1591215412, 2, 154, 834, 721, 0, 0.69%, 0, 0, 4, 38.00
1591215422, 2, 156, 838, 724, 0, 0.69%, 0, 0, 4, 40.42
1591215432, 2, 157, 838, 723, 0, 0.69%, 0, 0, 4, 40.11
1591215442, 2, 171, 838, 723, 0, 0.69%, 0, 0, 4, 35.92
1591215447, 2, 174, 838, 723, 0, 0.69%, 0, 0, 4, 38.44
1591215458, 2, 176, 838, 723, 0, 0.69%, 0, 0, 4, 39.83
1591215468, 2, 176, 845, 729, 0, 0.69%, 0, 0, 4, 37.37
1591215473, 2, 177, 845, 729, 0, 0.69%, 0, 0, 4, 40.47
1591215478, 2, 177, 847, 731, 0, 0.69%, 0, 0, 4, 33.25
1591215483, 2, 178, 847, 731, 0, 0.69%, 0, 0, 4, 38.42
1591215493, 2, 183, 847, 730, 0, 0.69%, 0, 0, 4, 39.39
1591215504, 2, 187, 847, 729, 0, 0.69%, 0, 0, 4, 40.44
1591215514, 2, 188, 847, 728, 0, 0.69%, 0, 0, 4, 35.41
1591215524, 2, 190, 854, 735, 0, 0.69%, 0, 0, 4, 36.37
1591215534, 2, 195, 854, 735, 0, 0.69%, 0, 0, 4, 38.51
1591215544, 2, 196, 854, 735, 0, 0.69%, 0, 0, 4, 38.52
1591215550, 2, 196, 855, 736, 0, 0.69%, 0, 0, 4, 37.51
1591215555, 2, 197, 855, 736, 0, 0.69%, 0, 0, 4, 39.00
1591215560, 2, 200, 855, 736, 0, 0.69%, 0, 0, 4, 39.44
1591215570, 2, 202, 858, 739, 0, 0.69%, 0, 0, 4, 39.69
1591215580, 2, 203, 858, 739, 0, 0.69%, 0, 0, 4, 36.18
1591215590, 2, 204, 858, 739, 0, 0.69%, 0, 0, 4, 38.09
1591215600, 2, 205, 858, 739, 0, 0.69%, 0, 0, 4, 39.67
1591215606, 2, 210, 858, 739, 0, 0.69%, 0, 0, 4, 39.82
1591215616, 2, 210, 860, 740, 0, 0.69%, 0, 0, 4, 34.67
1591215621, 2, 213, 860, 740, 0, 0.69%, 0, 0, 4, 37.50
1591215626, 2, 216, 860, 740, 0, 0.69%, 0, 0, 4, 39.16
1591215636, 2, 218, 860, 739, 0, 0.69%, 0, 0, 4, 38.98
1591215641, 2, 218, 861, 740, 0, 0.69%, 0, 0, 4, 39.22
1591215646, 2, 226, 861, 740, 0, 0.69%, 0, 0, 4, 38.76
1591215657, 2, 230, 861, 740, 0, 0.69%, 0, 0, 4, 36.48
1591215667, 2, 232, 861, 740, 0, 0.69%, 0, 0, 4, 40.87
1591215677, 2, 235, 861, 740, 0, 0.69%, 0, 0, 4, 40.12
1591215687, 2, 239, 861, 739, 0, 0.69%, 0, 0, 4, 36.40
1591215697, 2, 248, 861, 738, 0, 0.69%, 0, 0, 4, 39.63
1591215703, 2, 249, 861, 738, 0, 0.69%, 0, 0, 4, 39.99
1591215713, 2, 250, 861, 737, 0, 0.69%, 0, 0, 4, 40.55
1591215723, 2, 265, 861, 736, 0, 0.69%, 0, 0, 4, 36.17
1591215733, 2, 269, 861, 735, 0, 0.69%, 0, 0, 4, 40.16
1591215743, 2, 270, 861, 734, 0, 0.69%, 0, 0, 4, 40.11
1591215754, 2, 272, 861, 734, 0, 0.69%, 0, 0, 4, 40.31
1591215764, 2, 275, 861, 733, 0, 0.69%, 0, 0, 4, 38.86
1591215774, 2, 276, 861, 733, 0, 0.69%, 0, 0, 4, 40.17
1591215784, 2, 277, 861, 732, 0, 0.69%, 0, 0, 4, 38.69
1591215795, 2, 278, 861, 731, 0, 0.69%, 0, 0, 4, 35.18
1591215805, 2, 281, 861, 731, 0, 0.69%, 0, 0, 4, 40.46
1591215815, 2, 283, 861, 730, 0, 0.69%, 0, 0, 4, 39.73
1591215820, 2, 286, 861, 729, 0, 0.69%, 0, 0, 4, 40.94
1591215830, 2, 298, 861, 728, 0, 0.69%, 0, 0, 4, 36.53
1591215846, 2, 299, 861, 727, 0, 0.69%, 0, 0, 4, 39.70
1591215856, 2, 300, 861, 726, 0, 0.69%, 0, 0, 4, 40.59
1591215866, 2, 303, 863, 727, 0, 0.69%, 0, 0, 4, 37.19
1591215876, 2, 309, 863, 726, 0, 0.69%, 0, 0, 4, 40.17
1591215886, 2, 311, 863, 725, 0, 0.69%, 0, 0, 4, 41.50
1591215897, 2, 312, 863, 724, 0, 0.69%, 0, 0, 4, 35.63
1591215907, 2, 314, 863, 723, 0, 0.69%, 0, 0, 4, 39.10
1591215917, 2, 316, 865, 725, 0, 0.69%, 0, 0, 4, 39.07
1591215927, 2, 318, 865, 725, 0, 0.69%, 0, 0, 4, 39.83
1591215937, 2, 320, 865, 724, 0, 0.69%, 0, 0, 4, 38.00
1591215948, 2, 322, 865, 723, 0, 0.69%, 0, 0, 4, 40.70
1591215958, 2, 323, 865, 722, 0, 0.69%, 0, 0, 4, 40.54
1591215968, 2, 324, 865, 721, 0, 0.69%, 0, 0, 4, 35.02
1591215978, 2, 328, 865, 720, 0, 0.69%, 0, 0, 4, 39.79
1591215988, 2, 331, 865, 719, 0, 0.69%, 0, 0, 4, 40.61
1591215998, 2, 335, 866, 720, 0, 0.69%, 0, 0, 4, 41.16
1591216009, 2, 336, 866, 719, 0, 0.69%, 0, 0, 4, 38.07
1591216019, 2, 338, 867, 719, 0, 0.69%, 0, 0, 4, 39.93
1591216029, 2, 339, 867, 719, 0, 0.69%, 0, 0, 4, 41.05
1591216040, 2, 340, 867, 719, 0, 0.69%, 0, 0, 4, 36.65
1591216050, 2, 342, 867, 718, 0, 0.69%, 0, 0, 4, 37.92
1591216060, 2, 352, 867, 717, 0, 0.69%, 0, 0, 4, 40.40
1591216070, 2, 355, 867, 716, 0, 0.69%, 0, 0, 4, 35.76
1591216080, 2, 357, 867, 715, 0, 0.69%, 0, 0, 4, 40.09
1591216085, 2, 357, 868, 716, 0, 0.69%, 0, 0, 4, 40.44
1591216090, 2, 360, 868, 715, 0, 0.69%, 0, 0, 4, 39.98
1591216100, 2, 361, 868, 714, 0, 0.69%, 0, 0, 4, 40.24
1591216111, 2, 366, 868, 713, 0, 0.69%, 0, 0, 4, 35.77
1591216126, 2, 368, 868, 712, 0, 0.69%, 0, 0, 4, 40.77
1591216136, 2, 372, 868, 711, 0, 0.69%, 0, 0, 4, 39.63
1591216146, 2, 378, 868, 710, 0, 0.69%, 0, 0, 4, 37.71
1591216157, 2, 380, 868, 709, 0, 0.69%, 0, 0, 4, 40.87
1591216167, 2, 381, 869, 709, 0, 0.69%, 0, 0, 4, 40.71
1591216177, 2, 383, 870, 709, 0, 0.69%, 0, 0, 4, 35.51
1591216187, 2, 386, 870, 708, 0, 0.69%, 0, 0, 4, 40.80
1591216197, 2, 391, 870, 707, 0, 0.69%, 0, 0, 4, 40.52
1591216213, 2, 400, 870, 706, 0, 0.69%, 0, 0, 4, 36.26
1591216223, 2, 406, 870, 705, 0, 0.69%, 0, 0, 4, 40.56
1591216233, 2, 407, 873, 707, 0, 0.69%, 0, 0, 4, 39.82
1591216244, 2, 411, 873, 706, 0, 0.69%, 0, 0, 4, 40.49
1591216254, 2, 413, 873, 705, 0, 0.69%, 0, 0, 4, 38.48
1591216264, 2, 414, 873, 704, 0, 0.69%, 0, 0, 4, 38.47
1591216274, 2, 415, 873, 704, 0, 0.69%, 0, 0, 4, 39.18
1591216284, 2, 416, 873, 703, 1, 0.69%, 0, 0, 4, 35.38
1591216295, 2, 464, 873, 702, 1, 0.69%, 0, 0, 4, 40.16
1591216305, 2, 469, 873, 701, 0, 0.69%, 0, 0, 4, 40.62
1591216315, 2, 470, 873, 700, 0, 0.69%, 0, 0, 4, 36.70
1591216325, 2, 471, 873, 699, 0, 0.69%, 0, 0, 4, 38.02
1591216341, 2, 476, 873, 698, 0, 0.69%, 0, 0, 4, 40.06
1591216351, 2, 477, 873, 697, 0, 0.69%, 0, 0, 4, 35.90
1591216356, 2, 477, 874, 698, 0, 0.69%, 0, 0, 4, 38.18
1591216361, 2, 479, 874, 697, 0, 0.69%, 0, 0, 4, 39.57
1591216371, 2, 480, 874, 697, 0, 0.69%, 0, 0, 4, 39.82
1591216377, 2, 485, 874, 697, 0, 0.69%, 0, 0, 4, 39.96
1591216392, 2, 493, 875, 697, 0, 0.69%, 0, 0, 4, 37.65
1591216402, 2, 506, 875, 696, 0, 0.69%, 0, 0, 4, 39.36
1591216412, 2, 509, 875, 695, 0, 0.69%, 0, 0, 4, 40.13
1591216428, 2, 520, 875, 694, 0, 0.69%, 0, 0, 4, 38.72
1591216438, 2, 527, 875, 693, 0, 0.69%, 0, 0, 4, 39.11
1591216464, 2, 535, 877, 694, 0, 0.69%, 0, 0, 4, 37.51
1591216489, 2, 537, 877, 693, 0, 0.69%, 0, 0, 4, 32.17
1591216515, 2, 538, 877, 692, 0, 0.69%, 0, 0, 4, 36.33
1591216556, 2, 539, 877, 691, 0, 0.69%, 0, 0, 4, 35.95
1591216601, 2, 542, 877, 690, 0, 0.69%, 0, 0, 4, 16.93
1591216663, 2, 543, 877, 689, 0, 0.69%, 0, 0, 4, 16.08
1591216704, 2, 547, 877, 688, 0, 0.69%, 0, 0, 4, 35.57
1591216735, 2, 548, 877, 687, 0, 0.69%, 0, 0, 4, 37.69
1591216760, 2, 550, 877, 686, 0, 0.69%, 0, 0, 4, 40.07
1591216781, 2, 554, 877, 685, 0, 0.69%, 0, 0, 4, 42.11
1591216812, 2, 555, 877, 684, 0, 0.69%, 0, 0, 4, 31.37
1591216842, 2, 557, 877, 683, 0, 0.69%, 0, 0, 4, 37.91
1591216868, 2, 568, 877, 682, 0, 0.69%, 0, 0, 4, 33.86
1591216898, 2, 570, 877, 681, 0, 0.69%, 0, 0, 4, 34.84
1591216924, 2, 572, 877, 680, 0, 0.69%, 0, 0, 4, 31.52
1591216950, 2, 578, 877, 679, 0, 0.69%, 0, 0, 4, 33.69
1591216975, 2, 581, 877, 678, 0, 0.69%, 0, 0, 4, 34.03
1591217006, 2, 583, 877, 677, 0, 0.69%, 0, 0, 4, 33.73
1591217063, 2, 587, 877, 676, 0, 0.69%, 0, 0, 4, 25.11
1591217114, 2, 587, 878, 677, 0, 0.69%, 0, 0, 5, 32.32
1591217124, 2, 588, 878, 676, 0, 0.69%, 0, 0, 5, 30.63
1591217175, 2, 592, 878, 675, 0, 0.69%, 0, 0, 5, 34.18
1591217226, 2, 595, 878, 674, 0, 0.69%, 0, 0, 5, 27.93
1591217298, 2, 613, 878, 673, 0, 0.69%, 0, 0, 5, 34.58
1591217369, 2, 615, 878, 672, 0, 0.69%, 0, 0, 5, 41.03
1591217410, 2, 617, 878, 671, 0, 0.69%, 0, 0, 5, 37.77
1591217476, 2, 621, 879, 671, 0, 0.69%, 0, 0, 5, 41.36
1591217507, 2, 627, 879, 670, 0, 0.69%, 0, 0, 5, 42.47
1591217542, 2, 631, 879, 669, 0, 0.69%, 0, 0, 5, 40.49
1591217604, 2, 635, 879, 668, 0, 0.69%, 0, 0, 5, 38.44
1591217680, 2, 638, 879, 667, 0, 0.69%, 0, 0, 5, 43.22
1591217705, 2, 645, 879, 666, 0, 0.69%, 0, 0, 5, 41.67
1591217766, 2, 650, 879, 665, 0, 0.69%, 0, 0, 5, 45.02
1591217827, 2, 653, 879, 664, 0, 0.69%, 0, 0, 5, 45.53
1591217863, 2, 653, 880, 665, 0, 0.69%, 0, 0, 5, 39.66
1591217878, 2, 656, 880, 664, 0, 0.69%, 0, 0, 5, 46.41
1591217934, 2, 667, 880, 663, 0, 0.69%, 0, 0, 5, 45.12
1591217990, 2, 670, 880, 662, 0, 0.69%, 0, 0, 5, 46.15
1591218051, 2, 676, 880, 661, 0, 0.69%, 0, 0, 5, 36.84
1591218077, 2, 677, 880, 660, 0, 0.69%, 0, 0, 5, 38.08
1591218148, 2, 679, 880, 659, 0, 0.69%, 0, 0, 5, 39.10
1591218215, 2, 680, 880, 658, 0, 0.69%, 0, 0, 5, 37.83
1591218276, 2, 683, 880, 657, 0, 0.69%, 0, 0, 5, 38.38
1591218322, 2, 694, 880, 656, 0, 0.69%, 0, 0, 5, 38.75
1591218378, 2, 701, 880, 655, 0, 0.69%, 0, 0, 5, 38.05
1591218439, 2, 705, 880, 654, 0, 0.69%, 0, 0, 5, 34.78
1591218500, 2, 706, 880, 653, 0, 0.69%, 0, 0, 5, 39.27
1591218582, 2, 710, 880, 652, 0, 0.69%, 0, 0, 5, 36.20
1591218653, 2, 711, 880, 651, 0, 0.69%, 0, 0, 5, 36.48
1591218740, 2, 713, 880, 650, 0, 0.69%, 0, 0, 5, 38.14
1591218821, 2, 715, 880, 649, 0, 0.69%, 0, 0, 5, 35.72
1591218847, 2, 716, 880, 648, 0, 0.69%, 0, 0, 5, 38.69
1591218878, 2, 717, 880, 647, 0, 0.69%, 0, 0, 5, 38.12
1591218888, 2, 721, 880, 647, 0, 0.69%, 0, 0, 5, 36.03
1591218949, 2, 722, 880, 646, 0, 0.69%, 0, 0, 5, 37.11
1591219010, 2, 728, 880, 645, 0, 0.69%, 0, 0, 5, 34.23
1591219081, 2, 735, 880, 644, 0, 0.69%, 0, 0, 5, 35.40
1591219153, 2, 736, 880, 643, 0, 0.69%, 0, 0, 5, 36.59
1591219230, 2, 739, 880, 642, 0, 0.69%, 0, 0, 5, 37.47
1591219296, 2, 744, 880, 641, 0, 0.69%, 0, 0, 5, 32.88
1591219384, 2, 748, 880, 640, 0, 0.69%, 0, 0, 5, 30.83
1591219455, 2, 751, 880, 639, 0, 0.69%, 0, 0, 5, 30.43
1591219522, 2, 752, 880, 638, 0, 0.69%, 0, 0, 5, 33.08
1591219593, 2, 753, 880, 637, 0, 0.69%, 0, 0, 5, 32.00
1591219655, 2, 754, 880, 636, 0, 0.69%, 0, 0, 5, 35.12
1591219721, 2, 755, 880, 635, 0, 0.69%, 0, 0, 5, 34.88
1591219787, 2, 757, 880, 634, 0, 0.69%, 0, 0, 5, 37.17
1591219859, 2, 760, 880, 633, 0, 0.69%, 0, 0, 5, 33.15
1591219941, 2, 763, 880, 632, 0, 0.69%, 0, 0, 5, 33.70
1591220012, 2, 769, 880, 631, 0, 0.69%, 0, 0, 5, 30.12
1591220099, 2, 777, 880, 630, 0, 0.69%, 0, 0, 5, 34.93
1591220150, 2, 777, 881, 631, 0, 0.69%, 0, 0, 5, 29.33
1591220180, 2, 779, 881, 630, 0, 0.69%, 0, 0, 5, 34.27
1591220252, 2, 782, 883, 631, 0, 0.69%, 0, 0, 5, 34.34
1591220354, 2, 785, 883, 630, 0, 0.69%, 0, 0, 5, 34.26
1591220436, 2, 786, 883, 629, 0, 0.69%, 0, 0, 5, 33.32
1591220519, 2, 787, 883, 628, 0, 0.69%, 0, 0, 5, 34.50
1591220585, 2, 789, 883, 627, 0, 0.69%, 0, 0, 5, 38.08
1591220606, 2, 789, 884, 628, 0, 0.69%, 0, 0, 5, 36.33
1591220631, 2, 789, 886, 629, 0, 0.69%, 0, 0, 5, 35.67
1591220636, 2, 791, 886, 629, 0, 0.69%, 0, 0, 5, 31.02
1591220708, 2, 792, 886, 628, 0, 0.69%, 0, 0, 5, 33.57
1591220811, 2, 793, 886, 627, 0, 0.69%, 0, 0, 5, 33.38
1591220892, 2, 797, 886, 626, 0, 0.69%, 0, 0, 5, 31.12
1591220959, 2, 808, 886, 625, 0, 0.69%, 0, 0, 5, 33.97
1591221010, 2, 810, 890, 628, 0, 0.69%, 0, 0, 5, 36.43
1591221081, 2, 814, 890, 627, 0, 0.69%, 0, 0, 5, 32.59
1591221168, 2, 822, 890, 626, 0, 0.69%, 0, 0, 5, 27.05
1591221234, 2, 823, 890, 625, 0, 0.69%, 0, 0, 5, 35.90
1591221321, 2, 839, 890, 624, 0, 0.69%, 0, 0, 5, 32.46
1591221393, 2, 843, 892, 625, 0, 0.69%, 0, 0, 5, 34.40
1591221474, 2, 850, 892, 624, 0, 0.69%, 0, 0, 5, 36.28
1591221571, 2, 854, 892, 623, 0, 0.69%, 0, 0, 5, 35.69
1591221622, 2, 861, 892, 622, 0, 0.69%, 0, 0, 5, 33.80
1591221689, 2, 863, 892, 621, 0, 0.69%, 0, 0, 5, 38.15
1591221750, 2, 866, 894, 622, 0, 0.69%, 0, 0, 5, 32.51
1591221821, 2, 866, 895, 623, 0, 0.69%, 0, 0, 5, 31.42
1591221857, 2, 871, 895, 622, 0, 0.69%, 0, 0, 5, 37.12
1591221934, 2, 880, 895, 621, 0, 0.69%, 0, 0, 5, 31.46
1591222005, 2, 880, 896, 622, 0, 0.69%, 0, 0, 5, 26.55
1591222041, 2, 882, 896, 621, 0, 0.69%, 0, 0, 5, 25.73
1591222148, 2, 890, 896, 620, 0, 0.69%, 0, 0, 5, 30.78
1591222209, 2, 890, 898, 622, 0, 0.69%, 0, 0, 5, 34.46
1591222220, 2, 892, 899, 622, 0, 0.69%, 0, 0, 5, 31.84
1591222286, 2, 892, 900, 623, 0, 0.69%, 0, 0, 5, 28.54
1591222322, 3, 6, 900, 622, 0, 0.69%, 0, 0, 5, 35.19
1591222332, 3, 11, 900, 621, 0, 0.69%, 0, 0, 5, 38.03
1591222342, 3, 13, 900, 621, 0, 0.69%, 0, 0, 5, 38.89
1591222352, 3, 14, 900, 620, 0, 0.69%, 0, 0, 5, 37.14
1591222362, 3, 16, 900, 619, 0, 0.69%, 0, 0, 5, 36.17
1591222373, 3, 20, 900, 618, 0, 0.69%, 0, 0, 5, 39.06
1591222383, 3, 23, 900, 617, 0, 0.69%, 0, 0, 5, 38.68
1591222388, 3, 24, 900, 616, 0, 0.69%, 0, 0, 5, 38.71
1591222398, 3, 25, 901, 617, 0, 0.69%, 0, 0, 5, 36.43
1591222408, 3, 27, 901, 616, 0, 0.69%, 0, 0, 5, 38.92
1591222419, 3, 28, 901, 616, 0, 0.69%, 0, 0, 5, 38.53
1591222424, 3, 35, 901, 616, 0, 0.69%, 0, 0, 5, 37.01
1591222439, 3, 38, 901, 615, 0, 0.69%, 0, 0, 5, 38.95
1591222449, 3, 47, 901, 614, 0, 0.69%, 0, 0, 5, 38.95
1591222459, 3, 48, 901, 613, 0, 0.69%, 0, 0, 5, 38.15
1591222464, 3, 63, 901, 612, 0, 0.69%, 0, 0, 5, 33.10
1591222480, 3, 64, 901, 611, 0, 0.69%, 0, 0, 5, 36.78
1591222485, 3, 72, 901, 611, 0, 0.69%, 0, 0, 5, 37.71
1591222495, 3, 78, 901, 611, 0, 0.69%, 0, 0, 5, 38.13
1591222505, 3, 79, 901, 611, 0, 0.69%, 0, 0, 5, 37.46
1591222515, 3, 80, 901, 611, 0, 0.69%, 0, 0, 5, 38.53
1591222526, 3, 88, 901, 610, 0, 0.69%, 0, 0, 5, 37.09
1591222536, 3, 90, 901, 609, 0, 0.69%, 0, 0, 5, 35.70
1591222541, 3, 91, 901, 609, 0, 0.69%, 0, 0, 5, 36.01
1591222551, 3, 93, 901, 609, 0, 0.69%, 0, 0, 5, 38.24
1591222556, 3, 95, 901, 609, 0, 0.69%, 0, 0, 5, 37.86
1591222567, 3, 99, 901, 609, 0, 0.69%, 0, 0, 5, 34.80
1591222577, 3, 102, 901, 609, 0, 0.69%, 0, 0, 5, 37.22
1591222587, 3, 103, 901, 608, 0, 0.69%, 0, 0, 5, 37.10
1591222592, 3, 104, 901, 608, 0, 0.69%, 0, 0, 5, 38.21
1591222597, 3, 105, 901, 607, 0, 0.69%, 0, 0, 5, 37.86
1591222607, 3, 108, 901, 606, 0, 0.69%, 0, 0, 5, 35.58
1591222617, 3, 110, 901, 605, 0, 0.69%, 0, 0, 5, 38.93
1591222628, 3, 111, 901, 604, 0, 0.69%, 0, 0, 5, 37.80
1591222638, 3, 112, 901, 603, 0, 0.69%, 0, 0, 5, 34.04
1591222648, 3, 121, 901, 602, 0, 0.69%, 0, 0, 5, 38.38
1591222658, 3, 126, 901, 601, 0, 0.69%, 0, 0, 5, 37.90
1591222668, 3, 129, 901, 600, 0, 0.69%, 0, 0, 5, 36.26
1591222679, 3, 134, 901, 600, 0, 0.69%, 0, 0, 5, 36.80
1591222689, 3, 139, 901, 599, 0, 0.69%, 0, 0, 5, 37.16
1591222699, 3, 148, 901, 598, 0, 0.69%, 0, 0, 5, 35.91
1591222709, 3, 152, 901, 597, 0, 0.69%, 0, 0, 5, 34.36
1591222719, 3, 153, 901, 596, 0, 0.69%, 0, 0, 5, 37.62
1591222729, 3, 153, 902, 597, 0, 0.69%, 0, 0, 5, 37.39
1591222735, 3, 157, 902, 596, 0, 0.69%, 0, 0, 5, 38.10
1591222745, 3, 158, 902, 596, 0, 0.69%, 0, 0, 5, 33.74
1591222755, 3, 166, 902, 595, 0, 0.69%, 0, 0, 5, 37.97
1591222760, 3, 171, 902, 594, 0, 0.69%, 0, 0, 5, 36.85
1591222770, 3, 173, 902, 594, 0, 0.69%, 0, 0, 5, 38.19
1591222781, 3, 174, 903, 595, 0, 0.69%, 0, 0, 5, 33.46
1591222791, 3, 177, 903, 595, 0, 0.69%, 0, 0, 5, 36.82
1591222801, 3, 181, 903, 595, 0, 0.69%, 0, 0, 5, 38.03
1591222811, 3, 185, 903, 594, 0, 0.69%, 0, 0, 5, 34.60
1591222821, 3, 188, 903, 593, 0, 0.69%, 0, 0, 5, 36.59
1591222831, 3, 190, 903, 593, 0, 0.69%, 0, 0, 5, 37.97
1591222842, 3, 195, 903, 593, 0, 0.69%, 0, 0, 5, 37.67
1591222852, 3, 196, 903, 593, 0, 0.69%, 0, 0, 5, 35.48
1591222857, 3, 197, 903, 593, 0, 0.69%, 0, 0, 5, 37.71
1591222867, 3, 200, 903, 593, 0, 0.69%, 0, 0, 5, 37.97
1591222877, 3, 201, 903, 593, 0, 0.69%, 0, 0, 5, 38.82
1591222887, 3, 202, 903, 592, 0, 0.69%, 0, 0, 5, 35.45
1591222897, 3, 203, 903, 592, 0, 0.69%, 0, 0, 5, 38.22
1591222908, 3, 204, 903, 592, 0, 0.69%, 0, 0, 5, 37.72
1591222918, 3, 205, 903, 592, 0, 0.69%, 0, 0, 5, 33.03
1591222928, 3, 206, 903, 592, 0, 0.69%, 0, 0, 5, 37.93
1591222938, 3, 211, 903, 591, 0, 0.69%, 0, 0, 5, 37.94
1591222948, 3, 212, 903, 590, 0, 0.69%, 0, 0, 5, 37.17
1591222959, 3, 213, 903, 589, 0, 0.69%, 0, 0, 5, 34.68
1591222969, 3, 222, 903, 589, 0, 0.69%, 0, 0, 5, 38.61
1591222979, 3, 224, 903, 588, 0, 0.69%, 0, 0, 5, 38.56
1591222989, 3, 225, 903, 587, 0, 0.69%, 0, 0, 5, 33.55
1591222999, 3, 226, 903, 586, 0, 0.69%, 0, 0, 5, 38.00
1591223010, 3, 229, 903, 586, 0, 0.69%, 0, 0, 5, 37.12
1591223020, 3, 230, 903, 585, 0, 0.69%, 0, 0, 5, 37.31
1591223030, 3, 232, 903, 585, 0, 0.69%, 0, 0, 5, 36.07
1591223040, 3, 238, 903, 585, 0, 0.69%, 0, 0, 5, 37.37
1591223050, 3, 241, 903, 584, 0, 0.69%, 0, 0, 5, 38.01
1591223061, 3, 242, 903, 584, 0, 0.69%, 0, 0, 5, 34.16
1591223071, 3, 245, 903, 583, 0, 0.69%, 0, 0, 5, 37.54
1591223076, 3, 246, 903, 582, 0, 0.69%, 0, 0, 5, 37.50
1591223086, 3, 258, 903, 581, 0, 0.69%, 0, 0, 5, 38.22
1591223096, 3, 260, 903, 581, 0, 0.69%, 0, 0, 5, 34.59
1591223112, 3, 264, 903, 580, 0, 0.69%, 0, 0, 5, 37.77
1591223122, 3, 270, 903, 579, 0, 0.69%, 0, 0, 5, 38.37
1591223132, 3, 272, 903, 579, 0, 0.69%, 0, 0, 5, 35.09
1591223142, 3, 275, 903, 579, 0, 0.69%, 0, 0, 5, 38.08
1591223147, 3, 278, 903, 579, 0, 0.69%, 0, 0, 5, 37.50
1591223157, 3, 282, 903, 579, 0, 0.69%, 0, 0, 5, 37.28
1591223173, 3, 284, 903, 578, 0, 0.69%, 0, 0, 5, 35.93
1591223183, 3, 287, 903, 577, 0, 0.69%, 0, 0, 5, 37.57
1591223193, 3, 289, 903, 576, 0, 0.69%, 0, 0, 5, 38.45
1591223203, 3, 290, 903, 575, 0, 0.69%, 0, 0, 5, 35.21
1591223214, 3, 295, 903, 574, 0, 0.69%, 0, 0, 5, 36.19
1591223229, 3, 296, 903, 573, 0, 0.69%, 0, 0, 5, 37.88
1591223239, 3, 298, 903, 572, 0, 0.69%, 0, 0, 5, 36.90
1591223249, 3, 305, 903, 572, 0, 0.69%, 0, 0, 5, 38.88
1591223260, 3, 316, 903, 571, 0, 0.69%, 0, 0, 5, 38.23
1591223270, 3, 318, 903, 571, 0, 0.69%, 0, 0, 5, 35.14
1591223280, 3, 321, 903, 571, 0, 0.69%, 0, 0, 5, 38.36
1591223290, 3, 326, 903, 570, 0, 0.69%, 0, 0, 5, 38.60
1591223301, 3, 331, 903, 569, 0, 0.69%, 0, 0, 5, 35.73
1591223311, 3, 332, 903, 569, 0, 0.69%, 0, 0, 5, 36.07
1591223321, 3, 334, 903, 568, 0, 0.69%, 0, 0, 5, 36.58
1591223331, 3, 338, 903, 567, 0, 0.69%, 0, 0, 5, 35.59
1591223341, 3, 339, 903, 567, 0, 0.69%, 0, 0, 5, 34.20
1591223351, 3, 345, 903, 567, 0, 0.69%, 0, 0, 5, 37.94
1591223367, 3, 349, 903, 566, 0, 0.69%, 0, 0, 5, 38.84
1591223377, 3, 351, 903, 565, 0, 0.69%, 0, 0, 5, 35.43
1591223387, 3, 355, 903, 564, 0, 0.69%, 0, 0, 5, 38.07
1591223397, 3, 364, 903, 564, 0, 0.69%, 0, 0, 5, 38.44
1591223408, 3, 369, 903, 563, 0, 0.69%, 0, 0, 5, 31.96
1591223418, 3, 370, 903, 562, 0, 0.69%, 0, 0, 5, 37.75
1591223428, 3, 373, 903, 561, 0, 0.69%, 0, 0, 5, 37.38
1591223438, 3, 375, 903, 560, 0, 0.69%, 0, 0, 5, 38.24
1591223448, 3, 392, 903, 559, 0, 0.69%, 0, 0, 5, 35.68
1591223459, 3, 396, 903, 558, 0, 0.69%, 0, 0, 5, 38.04
1591223474, 3, 398, 903, 557, 0, 0.69%, 0, 0, 5, 37.02
1591223484, 3, 403, 903, 556, 0, 0.69%, 0, 0, 5, 35.68
1591223494, 3, 410, 903, 555, 0, 0.69%, 0, 0, 5, 37.47
1591223505, 3, 415, 903, 554, 0, 0.69%, 0, 0, 5, 38.35
1591223515, 3, 420, 903, 554, 0, 0.69%, 0, 0, 5, 34.77
1591223525, 3, 422, 903, 553, 0, 0.69%, 0, 0, 5, 36.41
1591223535, 3, 424, 903, 553, 0, 0.69%, 0, 0, 5, 37.07
1591223545, 3, 426, 903, 552, 0, 0.69%, 0, 0, 5, 35.65
1591223556, 3, 427, 903, 551, 0, 0.69%, 0, 0, 5, 36.59
1591223566, 3, 437, 903, 550, 0, 0.69%, 0, 0, 5, 37.21
1591223576, 3, 438, 903, 549, 0, 0.69%, 0, 0, 5, 37.76
1591223586, 3, 441, 903, 548, 0, 0.69%, 0, 0, 5, 34.92
1591223602, 3, 445, 903, 547, 0, 0.69%, 0, 0, 5, 37.95
1591223612, 3, 447, 903, 546, 0, 0.69%, 0, 0, 5, 36.89
1591223622, 3, 448, 903, 545, 0, 0.69%, 0, 0, 5, 34.08
1591223637, 3, 450, 903, 544, 0, 0.69%, 0, 0, 5, 36.62
1591223647, 3, 453, 903, 543, 0, 0.69%, 0, 0, 5, 38.11
1591223658, 3, 457, 903, 542, 0, 0.69%, 0, 0, 5, 35.08
1591223673, 3, 459, 903, 541, 0, 0.69%, 0, 0, 5, 37.39
1591223683, 3, 460, 903, 540, 0, 0.69%, 0, 0, 5, 37.32
1591223693, 3, 462, 903, 539, 0, 0.69%, 0, 0, 5, 36.14
1591223704, 3, 464, 903, 538, 0, 0.69%, 0, 0, 5, 38.33
1591223714, 3, 468, 903, 538, 0, 0.69%, 0, 0, 5, 37.73
1591223729, 3, 473, 903, 537, 0, 0.69%, 0, 0, 5, 35.65
1591223739, 3, 477, 903, 536, 0, 0.69%, 0, 0, 5, 37.47
1591223749, 3, 478, 903, 536, 0, 0.69%, 0, 0, 5, 37.81
1591223760, 3, 479, 903, 535, 0, 0.69%, 0, 0, 5, 33.45
1591223765, 3, 479, 904, 536, 0, 0.69%, 0, 0, 5, 36.73
1591223770, 3, 480, 904, 536, 0, 0.69%, 0, 0, 5, 37.44
1591223780, 3, 482, 905, 537, 0, 0.69%, 0, 0, 5, 35.86
1591223790, 3, 483, 905, 536, 0, 0.69%, 0, 0, 5, 37.12
1591223805, 3, 486, 905, 535, 0, 0.69%, 0, 0, 5, 37.98
1591223826, 3, 489, 905, 534, 0, 0.69%, 0, 0, 5, 35.09
1591223836, 3, 494, 905, 533, 0, 0.69%, 0, 0, 5, 37.31
1591223851, 3, 496, 905, 532, 0, 0.69%, 0, 0, 5, 37.83
1591223861, 3, 497, 905, 531, 0, 0.69%, 0, 0, 5, 33.64
1591223877, 3, 501, 905, 530, 0, 0.69%, 0, 0, 5, 36.99
1591223887, 3, 503, 905, 529, 0, 0.69%, 0, 0, 5, 37.63
1591223902, 3, 508, 905, 528, 0, 0.69%, 0, 0, 5, 35.06
1591223913, 3, 508, 906, 529, 0, 0.69%, 0, 0, 5, 35.55
1591223918, 3, 512, 906, 528, 0, 0.69%, 0, 0, 5, 36.94
1591223928, 3, 524, 906, 527, 0, 0.69%, 0, 0, 5, 37.51
1591223943, 3, 534, 906, 526, 0, 0.69%, 0, 0, 5, 37.46
1591223969, 3, 545, 906, 525, 0, 0.69%, 0, 0, 5, 32.81
1591223994, 3, 549, 906, 524, 0, 0.69%, 0, 0, 5, 31.96
1591224025, 3, 569, 906, 523, 0, 0.69%, 0, 0, 5, 38.48
1591224051, 3, 571, 906, 522, 0, 0.69%, 0, 0, 5, 37.53
1591224117, 3, 576, 906, 521, 0, 0.69%, 0, 0, 5, 37.34
1591224157, 3, 594, 906, 520, 0, 0.69%, 0, 0, 5, 38.34
1591224193, 3, 599, 906, 519, 0, 0.69%, 0, 0, 5, 37.63
1591224224, 3, 599, 907, 520, 0, 0.69%, 0, 0, 5, 34.41
1591224234, 3, 604, 907, 519, 0, 0.69%, 0, 0, 5, 36.73
1591224301, 3, 605, 907, 518, 0, 0.69%, 0, 0, 5, 36.80
1591224326, 3, 608, 907, 517, 0, 0.69%, 0, 0, 5, 37.74
1591224352, 3, 619, 907, 516, 0, 0.69%, 0, 0, 5, 33.88
1591224413, 3, 623, 907, 515, 0, 0.69%, 0, 0, 5, 38.57
1591224439, 3, 623, 908, 516, 0, 0.69%, 0, 0, 5, 29.06
1591224444, 3, 629, 908, 515, 0, 0.69%, 0, 0, 5, 34.44
1591224505, 3, 632, 908, 514, 0, 0.69%, 0, 0, 5, 37.87
1591224582, 3, 633, 908, 513, 0, 0.69%, 0, 0, 5, 38.06
1591224607, 3, 649, 908, 512, 0, 0.69%, 0, 0, 5, 37.24
1591224684, 3, 654, 908, 511, 0, 0.69%, 0, 0, 5, 37.58
1591224760, 3, 658, 908, 510, 0, 0.69%, 0, 0, 5, 37.77
1591224847, 3, 665, 911, 512, 0, 0.69%, 0, 0, 5, 32.59
1591224877, 3, 668, 911, 511, 0, 0.69%, 0, 0, 5, 31.35
1591224944, 3, 670, 911, 510, 0, 0.69%, 0, 0, 5, 36.61
1591224959, 3, 672, 911, 510, 0, 0.69%, 0, 0, 5, 36.12
1591225015, 3, 672, 912, 511, 0, 0.69%, 0, 0, 5, 32.23
1591225025, 3, 676, 912, 510, 0, 0.69%, 0, 0, 5, 37.08
1591225035, 3, 691, 912, 510, 0, 0.69%, 0, 0, 5, 36.49
1591225122, 3, 699, 912, 509, 0, 0.69%, 0, 0, 5, 34.14
1591225183, 3, 702, 912, 508, 0, 0.69%, 0, 0, 5, 36.55
1591225255, 3, 708, 912, 507, 0, 0.69%, 0, 0, 5, 36.75
1591225280, 3, 720, 912, 506, 0, 0.69%, 0, 0, 5, 38.47
1591225342, 3, 722, 912, 505, 0, 0.69%, 0, 0, 5, 36.60
1591225357, 3, 727, 912, 505, 0, 0.69%, 0, 0, 5, 35.80
1591225418, 3, 734, 912, 504, 0, 0.69%, 0, 0, 5, 34.26
1591225484, 3, 736, 912, 503, 0, 0.69%, 0, 0, 5, 34.44
1591225515, 3, 738, 912, 503, 0, 0.69%, 0, 0, 5, 36.25
1591225602, 3, 743, 912, 502, 0, 0.69%, 0, 0, 5, 38.20
1591225668, 3, 746, 912, 501, 0, 0.69%, 0, 0, 5, 34.77
1591225760, 3, 747, 912, 500, 0, 0.69%, 0, 0, 5, 36.38
1591225847, 3, 749, 912, 499, 0, 0.69%, 0, 0, 5, 34.18
1591225924, 3, 758, 912, 498, 0, 0.69%, 0, 0, 5, 37.23
1591225995, 3, 762, 914, 499, 0, 0.69%, 0, 0, 5, 33.85
1591226030, 3, 776, 914, 498, 0, 0.69%, 0, 0, 5, 32.16
1591226127, 3, 780, 914, 497, 0, 0.69%, 0, 0, 5, 32.59
1591226224, 3, 783, 914, 496, 0, 0.69%, 0, 0, 5, 36.54
1591226305, 3, 788, 914, 495, 0, 0.69%, 0, 0, 5, 31.43
1591226377, 3, 794, 916, 496, 0, 0.69%, 0, 0, 5, 31.62
1591226459, 3, 807, 916, 495, 0, 0.69%, 0, 0, 5, 36.97
1591226515, 3, 809, 916, 494, 0, 0.69%, 0, 0, 5, 38.23
1591226597, 3, 812, 916, 493, 0, 0.69%, 0, 0, 5, 33.71
1591226689, 3, 824, 916, 492, 0, 0.69%, 0, 0, 5, 31.29
1591226786, 3, 827, 917, 492, 0, 0.69%, 0, 0, 5, 34.44
1591226852, 3, 828, 917, 491, 0, 0.69%, 0, 0, 5, 28.83
1591226919, 3, 832, 917, 490, 0, 0.69%, 0, 0, 5, 33.52
1591227011, 3, 846, 917, 489, 0, 0.69%, 0, 0, 5, 36.35
1591227067, 3, 860, 917, 488, 0, 0.69%, 0, 0, 5, 34.86
1591227153, 3, 869, 917, 487, 0, 0.69%, 0, 0, 5, 32.49
1591227220, 3, 870, 917, 486, 0, 0.69%, 0, 0, 5, 38.08
1591227302, 3, 884, 917, 485, 0, 0.69%, 0, 0, 5, 35.49
1591227358, 3, 887, 917, 484, 0, 0.69%, 0, 0, 5, 38.33
1591227430, 3, 891, 917, 483, 0, 0.69%, 0, 0, 5, 36.54
1591227517, 3, 907, 917, 482, 0, 0.69%, 0, 0, 5, 28.68
1591227604, 3, 913, 917, 481, 0, 0.69%, 0, 0, 5, 31.85
1591227711, 3, 916, 917, 480, 0, 0.69%, 0, 0, 5, 27.81
1591227813, 4, 8, 917, 479, 0, 0.69%, 0, 0, 5, 38.35
1591227823, 4, 9, 917, 478, 0, 0.69%, 0, 0, 5, 36.01
1591227833, 4, 11, 917, 477, 0, 0.69%, 0, 0, 5, 38.74
1591227843, 4, 21, 917, 477, 0, 0.69%, 0, 0, 5, 37.62
1591227854, 4, 27, 917, 476, 0, 0.69%, 0, 0, 5, 33.80
1591227859, 4, 28, 917, 476, 0, 0.69%, 0, 0, 5, 35.88
1591227869, 4, 30, 917, 476, 0, 0.69%, 0, 0, 5, 38.72
1591227879, 4, 37, 917, 475, 0, 0.69%, 0, 0, 5, 37.79
1591227889, 4, 39, 917, 474, 0, 0.69%, 0, 0, 5, 34.07
1591227900, 4, 55, 917, 473, 0, 0.69%, 0, 0, 5, 38.20
1591227910, 4, 59, 917, 472, 0, 0.69%, 0, 0, 5, 36.98
1591227915, 4, 64, 917, 471, 0, 0.69%, 0, 0, 5, 37.27
1591227925, 4, 67, 917, 471, 0, 0.69%, 0, 0, 5, 33.98
1591227935, 4, 78, 917, 470, 0, 0.69%, 0, 0, 5, 38.10
1591227945, 4, 82, 917, 470, 0, 0.69%, 0, 0, 5, 38.74
1591227956, 4, 89, 917, 469, 0, 0.69%, 0, 0, 5, 36.26
1591227971, 4, 90, 917, 468, 0, 0.69%, 0, 0, 5, 37.68
1591227976, 4, 91, 917, 468, 0, 0.69%, 0, 0, 5, 37.64
1591227986, 4, 93, 917, 468, 0, 0.69%, 0, 0, 5, 37.21
1591227991, 4, 99, 917, 468, 0, 0.69%, 0, 0, 5, 34.39
1591228001, 4, 103, 917, 468, 0, 0.69%, 0, 0, 5, 37.47
1591228007, 4, 109, 917, 468, 0, 0.69%, 0, 0, 5, 37.76
1591228012, 4, 114, 917, 467, 0, 0.69%, 0, 0, 5, 37.92
1591228027, 4, 119, 917, 466, 0, 0.69%, 0, 0, 5, 34.47
1591228032, 4, 125, 917, 465, 0, 0.69%, 0, 0, 5, 34.76
1591228042, 4, 132, 917, 464, 0, 0.69%, 0, 0, 5, 37.74
1591228052, 4, 137, 917, 464, 0, 0.69%, 0, 0, 5, 38.18
1591228063, 4, 148, 917, 463, 0, 0.69%, 0, 0, 5, 34.11
1591228073, 4, 153, 917, 463, 0, 0.69%, 0, 0, 5, 37.93
1591228083, 4, 157, 917, 463, 0, 0.69%, 0, 0, 5, 37.44
1591228093, 4, 159, 917, 463, 0, 0.69%, 0, 0, 5, 38.08
1591228104, 4, 160, 917, 462, 0, 0.69%, 0, 0, 5, 35.13
1591228114, 4, 162, 917, 461, 0, 0.69%, 0, 0, 5, 37.87
1591228124, 4, 164, 917, 460, 0, 0.69%, 0, 0, 5, 36.03
1591228139, 4, 171, 917, 459, 0, 0.69%, 0, 0, 5, 36.98
1591228144, 4, 172, 917, 459, 0, 0.69%, 0, 0, 5, 38.73
1591228155, 4, 173, 917, 459, 0, 0.69%, 0, 0, 5, 36.80
1591228165, 4, 174, 917, 459, 0, 0.69%, 0, 0, 5, 38.49
1591228175, 4, 177, 917, 459, 0, 0.69%, 0, 0, 5, 35.21
1591228180, 4, 184, 917, 459, 0, 0.69%, 0, 0, 5, 36.68
1591228196, 4, 188, 917, 458, 0, 0.69%, 0, 0, 5, 38.78
1591228201, 4, 190, 917, 458, 0, 0.69%, 0, 0, 5, 35.45
1591228211, 4, 192, 917, 458, 0, 0.69%, 0, 0, 5, 36.83
1591228226, 4, 195, 917, 457, 0, 0.69%, 0, 0, 5, 37.41
1591228236, 4, 196, 917, 457, 0, 0.69%, 0, 0, 5, 34.80
1591228242, 4, 197, 917, 457, 0, 0.69%, 0, 0, 5, 35.25
1591228252, 4, 200, 917, 457, 0, 0.69%, 0, 0, 5, 38.92
1591228262, 4, 202, 917, 457, 0, 0.69%, 0, 0, 5, 38.69
1591228272, 4, 203, 917, 457, 0, 0.69%, 0, 0, 5, 34.50
1591228283, 4, 204, 917, 457, 0, 0.69%, 0, 0, 5, 37.32
1591228288, 4, 205, 917, 457, 0, 0.69%, 0, 0, 5, 37.33
1591228298, 4, 208, 917, 457, 0, 0.69%, 0, 0, 5, 35.30
1591228308, 4, 208, 918, 457, 0, 0.69%, 0, 0, 5, 30.93
1591228313, 4, 213, 918, 457, 0, 0.69%, 0, 0, 5, 35.74
1591228319, 4, 214, 918, 457, 0, 0.69%, 0, 0, 5, 36.11
1591228334, 4, 226, 918, 456, 0, 0.69%, 0, 0, 5, 35.07
1591228339, 4, 230, 918, 456, 0, 0.69%, 0, 0, 5, 37.18
1591228349, 4, 232, 918, 456, 0, 0.69%, 0, 0, 5, 35.25
1591228359, 4, 233, 918, 456, 0, 0.69%, 0, 0, 5, 37.58
1591228369, 4, 244, 918, 455, 0, 0.69%, 0, 0, 5, 36.53
1591228385, 4, 246, 918, 454, 0, 0.69%, 0, 0, 5, 36.12
1591228395, 4, 255, 918, 454, 0, 0.69%, 0, 0, 5, 38.77
1591228405, 4, 270, 918, 453, 0, 0.69%, 0, 0, 5, 38.16
1591228415, 4, 272, 918, 453, 0, 0.69%, 0, 0, 5, 32.88
1591228420, 4, 274, 918, 453, 0, 0.69%, 0, 0, 5, 35.82
1591228435, 4, 275, 918, 452, 0, 0.69%, 0, 0, 5, 38.67
1591228440, 4, 278, 918, 452, 0, 0.69%, 0, 0, 5, 38.32
1591228451, 4, 291, 918, 452, 0, 0.69%, 0, 0, 5, 35.28
1591228461, 4, 297, 918, 451, 0, 0.69%, 0, 0, 5, 37.09
1591228476, 4, 301, 918, 450, 0, 0.69%, 0, 0, 5, 38.73
1591228487, 4, 307, 918, 449, 0, 0.69%, 0, 0, 5, 34.43
1591228497, 4, 308, 918, 448, 0, 0.69%, 0, 0, 5, 38.58
1591228507, 4, 310, 918, 447, 0, 0.69%, 0, 0, 5, 35.40
1591228522, 4, 315, 918, 446, 0, 0.69%, 0, 0, 5, 36.24
1591228532, 4, 331, 918, 445, 0, 0.69%, 0, 0, 5, 38.40
1591228538, 4, 338, 918, 445, 0, 0.69%, 0, 0, 5, 35.02
1591228548, 4, 339, 918, 445, 0, 0.69%, 0, 0, 5, 36.49
1591228563, 4, 343, 918, 445, 0, 0.69%, 0, 0, 5, 37.28
1591228573, 4, 374, 918, 444, 0, 0.69%, 0, 0, 5, 38.23
1591228583, 4, 384, 918, 443, 0, 0.69%, 0, 0, 5, 38.97
1591228594, 4, 387, 918, 442, 0, 0.69%, 0, 0, 5, 36.97
1591228604, 4, 393, 918, 441, 0, 0.69%, 0, 0, 5, 38.92
1591228619, 4, 395, 918, 440, 0, 0.69%, 0, 0, 5, 39.15
1591228630, 4, 405, 918, 439, 0, 0.69%, 0, 0, 5, 37.09
1591228640, 4, 407, 918, 438, 0, 0.69%, 0, 0, 5, 38.82
1591228650, 4, 409, 918, 438, 0, 0.69%, 0, 0, 5, 38.22
1591228660, 4, 421, 918, 437, 0, 0.69%, 0, 0, 5, 35.06
1591228676, 4, 422, 918, 436, 0, 0.69%, 0, 0, 5, 36.97
1591228681, 4, 423, 918, 436, 0, 0.69%, 0, 0, 5, 37.99
1591228696, 4, 425, 918, 435, 0, 0.69%, 0, 0, 5, 34.86
1591228706, 4, 435, 918, 434, 0, 0.69%, 0, 0, 5, 38.51
1591228716, 4, 461, 918, 433, 0, 0.69%, 0, 0, 5, 34.24
1591228732, 4, 464, 918, 432, 0, 0.69%, 0, 0, 5, 35.04
1591228737, 4, 465, 918, 432, 0, 0.69%, 0, 0, 5, 36.97
1591228752, 4, 466, 918, 431, 0, 0.69%, 0, 0, 5, 37.78
1591228762, 4, 477, 918, 430, 0, 0.69%, 0, 0, 5, 33.31
1591228772, 4, 479, 918, 430, 0, 0.69%, 0, 0, 5, 35.13
1591228783, 4, 480, 918, 430, 0, 0.69%, 0, 0, 5, 37.83
1591228793, 4, 484, 918, 430, 0, 0.69%, 0, 0, 5, 38.39
1591228803, 4, 492, 918, 429, 0, 0.69%, 0, 0, 5, 32.72
1591228818, 4, 495, 918, 428, 0, 0.69%, 0, 0, 5, 38.15
1591228829, 4, 515, 918, 427, 0, 0.69%, 0, 0, 5, 38.32
1591228844, 4, 525, 918, 426, 0, 0.69%, 0, 0, 5, 36.78
1591228864, 4, 526, 918, 425, 0, 0.69%, 0, 0, 5, 36.23
1591228890, 4, 532, 918, 424, 0, 0.69%, 0, 0, 5, 35.54
1591228915, 4, 554, 918, 423, 0, 0.69%, 0, 0, 5, 38.04
1591228926, 4, 558, 918, 423, 0, 0.69%, 0, 0, 5, 35.93
1591228951, 4, 561, 918, 422, 0, 0.69%, 0, 0, 5, 36.31
1591228977, 4, 566, 918, 421, 0, 0.69%, 0, 0, 5, 34.80
1591228987, 4, 567, 918, 421, 0, 0.69%, 0, 0, 5, 38.01
1591229007, 4, 573, 918, 420, 0, 0.69%, 0, 0, 5, 32.39
1591229037, 4, 579, 918, 419, 0, 0.69%, 0, 0, 5, 37.84
1591229063, 4, 591, 918, 418, 0, 0.69%, 0, 0, 5, 36.29
1591229109, 4, 593, 918, 417, 0, 0.69%, 0, 0, 5, 37.36
1591229180, 4, 600, 918, 416, 0, 0.69%, 0, 0, 5, 37.75
1591229241, 4, 601, 918, 415, 0, 0.69%, 0, 0, 5, 37.52
1591229267, 4, 602, 918, 414, 0, 0.69%, 0, 0, 5, 37.53
1591229343, 4, 603, 918, 413, 0, 0.69%, 0, 0, 5, 37.47
1591229415, 4, 604, 918, 412, 0, 0.69%, 0, 0, 5, 37.41
1591229435, 4, 607, 918, 412, 0, 0.69%, 0, 0, 5, 35.72
1591229492, 4, 616, 918, 411, 0, 0.69%, 0, 0, 5, 37.84
1591229532, 4, 634, 918, 410, 0, 0.69%, 0, 0, 5, 32.70
1591229573, 4, 637, 918, 409, 0, 0.69%, 0, 0, 5, 34.38
1591229644, 4, 646, 918, 408, 0, 0.69%, 0, 0, 5, 35.92
1591229706, 4, 652, 918, 407, 0, 0.69%, 0, 0, 5, 35.07
1591229793, 4, 654, 918, 406, 0, 0.69%, 0, 0, 5, 36.84
1591229808, 4, 661, 918, 406, 0, 0.69%, 0, 0, 5, 37.78
1591229889, 4, 669, 918, 405, 0, 0.69%, 0, 0, 5, 35.67
1591229956, 4, 673, 918, 404, 0, 0.69%, 0, 0, 5, 35.10
1591229966, 4, 680, 918, 404, 0, 0.69%, 0, 0, 5, 37.55
1591229981, 4, 682, 918, 404, 0, 0.69%, 0, 0, 5, 37.45
1591230032, 4, 690, 918, 403, 0, 0.69%, 0, 0, 5, 37.66
1591230058, 4, 692, 918, 402, 0, 0.69%, 0, 0, 5, 33.04
1591230114, 4, 693, 918, 401, 0, 0.69%, 0, 0, 5, 37.72
1591230186, 4, 696, 918, 400, 0, 0.69%, 0, 0, 5, 37.22
1591230216, 4, 707, 918, 399, 0, 0.69%, 0, 0, 5, 36.60
1591230267, 4, 709, 918, 398, 0, 0.69%, 0, 0, 5, 41.60
