# unix_time, cycles_done, cur_path, paths_total, pending_total, pending_favs, map_size, unique_crashes, unique_hangs, max_depth, execs_per_sec
1591125711, 0, 0, 1, 1, 1, 0.22%, 0, 0, 1, 45.20
1591125716, 0, 0, 24, 24, 1, 0.34%, 0, 0, 2, 48.32
1591125721, 0, 0, 49, 49, 1, 0.41%, 0, 0, 2, 49.64
1591125726, 0, 0, 69, 69, 1, 0.43%, 0, 0, 2, 49.50
1591125731, 0, 0, 80, 80, 1, 0.44%, 0, 0, 2, 46.21
1591125736, 0, 0, 88, 88, 1, 0.45%, 0, 0, 2, 44.20
1591125742, 0, 0, 99, 99, 1, 0.46%, 1, 0, 2, 44.31
1591125747, 0, 0, 107, 107, 1, 0.47%, 2, 0, 2, 43.59
1591125752, 0, 0, 112, 112, 1, 0.47%, 3, 0, 2, 43.66
1591125757, 0, 0, 119, 119, 1, 0.48%, 3, 0, 2, 44.15
1591125762, 0, 0, 125, 125, 1, 0.48%, 3, 0, 2, 42.36
1591125767, 0, 0, 130, 130, 1, 0.48%, 3, 0, 2, 42.87
1591125772, 0, 0, 131, 131, 1, 0.48%, 5, 0, 2, 43.39
1591125777, 0, 0, 137, 137, 1, 0.49%, 5, 0, 2, 43.69
1591125782, 0, 0, 138, 138, 1, 0.49%, 5, 0, 2, 43.23
1591125787, 0, 0, 142, 142, 1, 0.49%, 5, 0, 2, 43.17
1591125792, 0, 0, 148, 148, 1, 0.49%, 5, 0, 2, 43.91
1591125798, 0, 0, 153, 153, 1, 0.50%, 6, 0, 2, 44.38
1591125803, 0, 0, 156, 156, 1, 0.50%, 6, 0, 2, 43.95
1591125808, 0, 0, 157, 156, 0, 0.50%, 6, 0, 2, 41.65
1591125813, 0, 0, 170, 169, 0, 0.53%, 6, 0, 2, 41.67
1591125818, 0, 0, 183, 182, 0, 0.53%, 6, 0, 2, 43.09
1591125823, 0, 5, 194, 192, 49, 0.54%, 6, 0, 2, 45.91
1591125828, 0, 10, 199, 196, 48, 0.54%, 6, 0, 3, 46.67
1591125833, 0, 10, 205, 202, 48, 0.54%, 6, 0, 3, 46.68
1591125838, 0, 10, 208, 205, 48, 0.54%, 6, 0, 3, 46.01
1591125843, 0, 10, 218, 215, 48, 0.56%, 6, 0, 3, 46.60
1591125848, 0, 10, 229, 226, 48, 0.57%, 7, 0, 3, 47.31
1591125853, 0, 10, 239, 236, 48, 0.58%, 8, 0, 3, 47.12
1591125858, 0, 10, 240, 237, 48, 0.58%, 10, 0, 3, 45.55
1591125863, 0, 22, 244, 240, 53, 0.58%, 11, 0, 3, 45.33
1591125869, 0, 22, 250, 246, 53, 0.58%, 11, 0, 3, 45.35
1591125874, 0, 22, 254, 250, 53, 0.58%, 11, 0, 3, 45.39
1591125879, 0, 22, 260, 256, 53, 0.58%, 11, 0, 3, 45.96
1591125884, 0, 22, 265, 261, 53, 0.58%, 11, 0, 3, 45.34
1591125889, 0, 22, 267, 263, 53, 0.58%, 12, 0, 3, 45.63
1591125894, 0, 22, 268, 264, 53, 0.58%, 13, 0, 3, 45.27
1591125899, 0, 22, 277, 273, 53, 0.59%, 13, 0, 3, 45.22
1591125904, 0, 22, 281, 277, 53, 0.59%, 13, 0, 3, 45.45
1591125909, 0, 22, 283, 279, 53, 0.59%, 13, 0, 3, 45.52
1591125914, 0, 35, 284, 279, 53, 0.59%, 13, 0, 3, 45.48
1591125919, 0, 35, 288, 283, 53, 0.59%, 14, 0, 3, 45.47
1591125924, 0, 35, 299, 293, 52, 0.59%, 14, 0, 3, 45.87
1591125929, 0, 35, 316, 310, 52, 0.59%, 14, 0, 3, 45.24
1591125934, 0, 35, 326, 320, 52, 0.59%, 14, 0, 3, 45.51
1591125939, 0, 45, 328, 322, 54, 0.59%, 14, 0, 3, 45.02
1591125944, 0, 55, 328, 321, 53, 0.59%, 14, 0, 3, 45.20
1591125949, 0, 57, 328, 320, 52, 0.59%, 15, 0, 3, 45.70
1591125954, 0, 57, 328, 320, 52, 0.59%, 17, 0, 3, 45.76
1591125959, 0, 71, 328, 319, 51, 0.59%, 17, 0, 3, 46.04
1591125964, 0, 84, 337, 326, 49, 0.59%, 17, 0, 3, 45.90
1591125969, 0, 92, 346, 335, 49, 0.59%, 17, 0, 3, 46.19
1591125975, 0, 98, 346, 334, 48, 0.59%, 17, 0, 3, 45.64
1591125985, 0, 108, 346, 333, 47, 0.59%, 17, 0, 3, 46.25
1591125990, 0, 112, 346, 332, 46, 0.59%, 18, 0, 3, 45.57
1591125995, 0, 115, 347, 332, 45, 0.59%, 19, 0, 3, 45.91
1591126000, 0, 115, 348, 333, 45, 0.59%, 19, 0, 3, 45.85
1591126005, 0, 116, 360, 344, 44, 0.59%, 19, 0, 3, 45.39
1591126010, 0, 116, 361, 345, 44, 0.59%, 20, 0, 3, 45.24
1591126015, 0, 116, 366, 350, 44, 0.59%, 20, 0, 3, 45.97
1591126025, 0, 119, 366, 349, 43, 0.59%, 20, 0, 3, 46.05
1591126030, 0, 119, 371, 354, 43, 0.59%, 20, 0, 3, 45.78
1591126035, 0, 119, 374, 357, 43, 0.59%, 21, 0, 3, 45.61
1591126046, 0, 135, 374, 356, 38, 0.59%, 21, 0, 3, 45.46
1591126051, 0, 141, 375, 356, 38, 0.59%, 22, 0, 3, 45.94
1591126056, 0, 143, 376, 356, 37, 0.59%, 22, 0, 3, 45.65
1591126061, 0, 143, 381, 361, 37, 0.59%, 22, 0, 3, 44.92
1591126066, 0, 143, 387, 367, 37, 0.59%, 23, 0, 3, 45.38
1591126071, 0, 143, 390, 370, 37, 0.59%, 23, 0, 3, 45.67
1591126076, 0, 143, 396, 375, 36, 0.59%, 24, 0, 3, 45.83
1591126081, 0, 147, 404, 383, 34, 0.59%, 24, 0, 3, 45.77
1591126086, 0, 150, 404, 382, 33, 0.59%, 25, 0, 3, 46.43
1591126091, 0, 150, 405, 383, 33, 0.59%, 25, 0, 3, 47.07
1591126097, 0, 165, 405, 382, 32, 0.59%, 25, 0, 3, 46.69
1591126102, 0, 171, 406, 382, 31, 0.59%, 25, 0, 3, 45.85
1591126107, 0, 171, 407, 383, 31, 0.59%, 25, 0, 3, 44.94
1591126112, 0, 178, 407, 382, 30, 0.59%, 25, 0, 3, 44.75
1591126117, 0, 178, 413, 387, 29, 0.59%, 25, 0, 3, 44.08
1591126122, 0, 186, 417, 391, 29, 0.59%, 26, 0, 3, 48.50
1591126127, 0, 191, 417, 390, 28, 0.59%, 27, 0, 3, 50.49
1591126132, 0, 192, 418, 390, 27, 0.59%, 28, 0, 3, 49.99
1591126137, 0, 202, 418, 389, 26, 0.59%, 29, 0, 3, 50.88
1591126147, 0, 205, 420, 390, 26, 0.59%, 29, 0, 4, 50.35
1591126152, 0, 214, 424, 393, 25, 0.59%, 30, 0, 4, 50.16
1591126162, 0, 222, 424, 392, 24, 0.59%, 31, 0, 4, 50.73
1591126167, 0, 239, 425, 392, 23, 0.59%, 32, 0, 4, 51.12
1591126172, 0, 239, 429, 396, 23, 0.59%, 32, 0, 4, 50.73
1591126178, 0, 240, 429, 395, 22, 0.59%, 32, 0, 4, 50.41
1591126183, 0, 241, 429, 394, 21, 0.59%, 32, 0, 4, 50.57
1591126188, 0, 268, 433, 397, 17, 0.59%, 33, 0, 4, 49.57
1591126198, 0, 270, 433, 396, 16, 0.59%, 33, 0, 4, 50.03
1591126203, 0, 274, 433, 395, 15, 0.59%, 33, 0, 4, 48.86
1591126208, 0, 278, 433, 394, 14, 0.59%, 33, 0, 4, 50.51
1591126213, 0, 278, 436, 397, 14, 0.59%, 33, 0, 4, 51.34
1591126218, 0, 280, 436, 396, 13, 0.59%, 33, 0, 4, 50.69
1591126223, 0, 281, 442, 401, 12, 0.59%, 33, 0, 4, 51.19
1591126228, 0, 281, 444, 403, 12, 0.59%, 33, 0, 4, 49.95
1591126233, 0, 287, 445, 403, 11, 0.59%, 33, 0, 4, 50.54
1591126238, 0, 294, 445, 402, 13, 0.59%, 34, 0, 4, 50.99
1591126243, 0, 294, 449, 406, 13, 0.59%, 34, 0, 4, 50.55
1591126248, 0, 301, 450, 406, 12, 0.59%, 34, 0, 4, 50.53
1591126253, 0, 330, 450, 405, 11, 0.59%, 35, 0, 4, 50.68
1591126258, 0, 330, 457, 411, 10, 0.59%, 38, 0, 4, 50.79
1591126263, 0, 336, 457, 411, 10, 0.59%, 38, 0, 4, 50.53
1591126269, 0, 343, 457, 410, 9, 0.59%, 38, 0, 4, 51.60
1591126274, 0, 346, 458, 410, 8, 0.59%, 38, 0, 4, 50.53
1591126279, 0, 350, 458, 409, 8, 0.59%, 38, 0, 4, 50.82
1591126289, 0, 354, 458, 408, 7, 0.59%, 38, 0, 4, 51.28
1591126294, 0, 369, 465, 414, 7, 0.59%, 40, 0, 4, 50.65
1591126299, 0, 369, 470, 419, 7, 0.59%, 40, 0, 4, 50.38
1591126304, 0, 369, 470, 419, 7, 0.59%, 42, 0, 4, 50.74
1591126309, 0, 372, 472, 420, 6, 0.59%, 42, 0, 4, 50.95
1591126314, 0, 372, 472, 420, 6, 0.59%, 43, 0, 4, 51.14
1591126319, 0, 383, 473, 420, 5, 0.59%, 44, 0, 4, 50.41
1591126325, 0, 416, 473, 419, 4, 0.59%, 47, 0, 4, 50.75
1591126330, 0, 444, 473, 418, 3, 0.59%, 47, 0, 4, 50.30
1591126340, 0, 462, 478, 422, 2, 0.59%, 47, 0, 4, 50.41
1591126345, 1, 134, 479, 422, 1, 0.59%, 48, 0, 4, 51.22
1591126350, 1, 135, 479, 421, 0, 0.59%, 50, 0, 4, 51.29
1591126355, 1, 135, 480, 422, 0, 0.59%, 50, 0, 4, 51.50
1591126361, 1, 140, 482, 424, 0, 0.59%, 50, 0, 4, 50.33
1591126366, 1, 140, 484, 426, 0, 0.59%, 50, 0, 4, 50.71
1591126371, 1, 141, 484, 425, 0, 0.59%, 51, 0, 4, 51.07
1591126376, 1, 143, 492, 433, 0, 0.59%, 51, 0, 4, 51.19
1591126381, 1, 143, 497, 438, 0, 0.59%, 54, 0, 4, 50.86
1591126386, 1, 143, 499, 440, 0, 0.59%, 57, 0, 4, 51.18
1591126391, 1, 143, 501, 442, 0, 0.59%, 58, 0, 4, 51.00
1591126396, 1, 146, 501, 442, 0, 0.59%, 58, 0, 4, 51.05
1591126402, 1, 147, 501, 441, 0, 0.59%, 58, 0, 4, 50.00
1591126407, 1, 150, 502, 442, 0, 0.59%, 59, 0, 4, 51.34
1591126412, 1, 153, 503, 443, 0, 0.59%, 60, 0, 4, 51.13
1591126422, 1, 157, 507, 446, 0, 0.59%, 60, 0, 4, 44.29
1591126432, 1, 160, 509, 447, 0, 0.59%, 61, 0, 4, 42.40
1591126437, 1, 160, 510, 448, 0, 0.59%, 62, 0, 4, 39.74
1591126442, 1, 165, 511, 448, 0, 0.59%, 63, 0, 4, 41.95
1591126447, 1, 169, 511, 448, 0, 0.59%, 64, 0, 4, 42.95
1591126458, 1, 171, 511, 447, 0, 0.59%, 64, 0, 4, 43.11
1591126463, 1, 171, 520, 456, 0, 0.59%, 64, 0, 4, 43.23
1591126468, 1, 174, 521, 457, 0, 0.59%, 64, 0, 4, 41.17
1591126473, 1, 174, 523, 459, 0, 0.59%, 64, 0, 4, 40.33
1591126478, 1, 176, 524, 459, 0, 0.59%, 64, 0, 4, 42.55
1591126483, 1, 178, 524, 458, 0, 0.59%, 64, 0, 4, 43.03
1591126488, 1, 180, 524, 458, 0, 0.59%, 64, 0, 4, 43.00
1591126498, 1, 186, 524, 457, 0, 0.59%, 64, 0, 4, 43.10
1591126503, 1, 186, 525, 458, 0, 0.59%, 64, 0, 4, 39.34
1591126508, 1, 188, 527, 460, 0, 0.59%, 64, 0, 4, 39.52
1591126513, 1, 188, 528, 461, 0, 0.59%, 64, 0, 4, 41.94
1591126518, 1, 190, 528, 460, 0, 0.59%, 64, 0, 4, 43.12
1591126524, 1, 190, 528, 460, 0, 0.59%, 65, 0, 4, 42.27
1591126529, 1, 205, 530, 461, 1, 0.59%, 66, 0, 4, 42.70
1591126534, 1, 321, 531, 462, 1, 0.59%, 66, 0, 4, 43.45
1591126544, 1, 456, 532, 462, 1, 0.59%, 66, 0, 4, 40.40
1591126549, 1, 456, 537, 467, 1, 0.59%, 66, 0, 4, 42.92
1591126554, 1, 456, 541, 471, 1, 0.59%, 66, 0, 4, 43.26
1591126564, 1, 462, 549, 478, 0, 0.59%, 67, 0, 4, 43.15
1591126569, 1, 462, 549, 478, 0, 0.59%, 68, 0, 4, 42.56
1591126574, 1, 485, 551, 480, 0, 0.59%, 68, 0, 4, 38.25
1591126585, 1, 485, 552, 481, 0, 0.59%, 68, 0, 4, 42.38
1591126590, 1, 486, 553, 481, 0, 0.59%, 68, 0, 4, 42.62
1591126595, 1, 486, 554, 482, 0, 0.59%, 68, 0, 4, 42.17
1591126600, 1, 486, 555, 483, 0, 0.59%, 69, 0, 4, 42.88
1591126605, 1, 486, 556, 484, 0, 0.59%, 69, 0, 4, 43.31
1591126610, 1, 488, 556, 483, 0, 0.59%, 69, 0, 4, 38.42
1591126615, 1, 488, 557, 484, 0, 0.59%, 69, 0, 4, 41.26
1591126620, 1, 488, 558, 485, 0, 0.59%, 70, 0, 4, 42.77
1591126630, 1, 488, 558, 485, 0, 0.59%, 71, 0, 4, 43.81
1591126635, 1, 495, 558, 484, 0, 0.59%, 71, 0, 4, 43.23
1591126646, 1, 495, 563, 489, 0, 0.59%, 72, 0, 4, 40.37
1591126651, 1, 495, 564, 490, 0, 0.59%, 72, 0, 4, 41.78
1591126656, 1, 496, 571, 496, 0, 0.59%, 72, 0, 4, 42.70
1591126666, 1, 500, 572, 496, 0, 0.59%, 72, 0, 4, 42.57
1591126671, 1, 500, 573, 497, 0, 0.59%, 72, 0, 4, 43.37
1591126681, 1, 501, 573, 496, 0, 0.59%, 72, 0, 4, 38.92
1591126686, 1, 501, 575, 498, 0, 0.59%, 72, 0, 4, 41.23
1591126697, 1, 502, 575, 497, 0, 0.59%, 73, 0, 4, 43.40
1591126707, 1, 503, 575, 496, 0, 0.59%, 73, 0, 4, 42.72
1591126717, 1, 505, 589, 509, 0, 0.59%, 73, 0, 4, 39.29
1591126727, 1, 505, 590, 510, 0, 0.59%, 73, 0, 4, 43.22
1591126732, 1, 507, 590, 509, 0, 0.59%, 75, 0, 4, 43.25
1591126737, 1, 507, 593, 512, 0, 0.59%, 75, 0, 4, 42.62
1591126757, 1, 511, 593, 511, 0, 0.59%, 75, 0, 4, 42.42
1591126772, 1, 519, 593, 510, 0, 0.59%, 75, 0, 4, 42.84
1591126783, 1, 523, 593, 509, 0, 0.59%, 75, 0, 4, 41.26
1591126793, 1, 523, 599, 514, 0, 0.59%, 75, 0, 4, 41.66
1591126798, 1, 524, 616, 531, 0, 0.59%, 75, 0, 4, 42.70
1591126808, 1, 525, 616, 530, 0, 0.59%, 75, 0, 4, 43.17
1591126818, 1, 525, 622, 536, 0, 0.59%, 76, 0, 4, 40.52
1591126823, 1, 525, 623, 537, 0, 0.59%, 77, 0, 4, 41.40
1591126828, 1, 533, 623, 536, 0, 0.59%, 77, 0, 4, 42.77
1591126839, 1, 533, 630, 543, 0, 0.59%, 78, 0, 4, 42.15
1591126844, 1, 533, 638, 551, 0, 0.59%, 80, 0, 4, 43.58
1591126849, 1, 534, 638, 550, 0, 0.59%, 80, 0, 4, 43.03
1591126864, 1, 548, 639, 550, 0, 0.59%, 80, 0, 4, 42.41
1591126874, 1, 548, 650, 560, 0, 0.59%, 80, 0, 4, 42.00
1591126879, 1, 554, 662, 572, 0, 0.59%, 80, 0, 4, 42.58
1591126894, 1, 564, 662, 571, 0, 0.59%, 80, 0, 4, 40.85
1591126920, 1, 564, 664, 573, 0, 0.59%, 80, 0, 4, 42.97
1591126930, 1, 564, 666, 575, 0, 0.59%, 81, 0, 4, 41.26
1591126935, 1, 577, 666, 574, 0, 0.59%, 81, 0, 4, 42.96
1591126945, 1, 577, 672, 580, 0, 0.59%, 82, 0, 4, 44.15
1591126951, 1, 581, 672, 579, 0, 0.59%, 82, 0, 4, 44.48
1591126966, 1, 584, 672, 578, 0, 0.59%, 82, 0, 4, 41.01
1591126976, 1, 584, 680, 585, 0, 0.59%, 82, 0, 4, 42.83
1591126981, 1, 586, 688, 593, 0, 0.59%, 82, 0, 4, 42.16
1591126986, 1, 586, 689, 594, 0, 0.59%, 82, 0, 4, 42.40
1591126996, 1, 590, 689, 593, 0, 0.59%, 82, 0, 4, 38.03
1591127006, 1, 593, 690, 593, 0, 0.59%, 82, 0, 4, 42.31
1591127032, 1, 599, 690, 592, 0, 0.59%, 82, 0, 4, 39.28
1591127037, 1, 599, 692, 594, 0, 0.59%, 83, 0, 4, 42.36
1591127042, 1, 600, 694, 595, 0, 0.59%, 84, 0, 4, 44.13
1591127057, 1, 600, 704, 604, 0, 0.59%, 84, 0, 4, 43.07
1591127062, 1, 604, 704, 604, 0, 0.59%, 84, 0, 4, 42.80
1591127072, 1, 606, 704, 603, 0, 0.59%, 84, 0, 4, 41.60
1591127108, 1, 608, 704, 602, 0, 0.59%, 84, 0, 4, 42.88
1591127128, 1, 610, 704, 601, 0, 0.59%, 84, 0, 4, 43.22
1591127184, 1, 611, 704, 600, 0, 0.59%, 84, 0, 4, 42.73
1591127209, 1, 611, 705, 601, 0, 0.59%, 84, 0, 4, 41.52
1591127214, 1, 611, 710, 606, 0, 0.59%, 84, 0, 4, 43.47
1591127220, 1, 611, 713, 608, 0, 0.59%, 84, 0, 4, 42.83
1591127225, 1, 611, 735, 630, 0, 0.60%, 84, 0, 4, 41.07
1591127230, 1, 738, 740, 635, 1, 0.60%, 84, 0, 4, 40.54
1591127271, 1, 738, 741, 636, 1, 0.60%, 85, 0, 4, 40.87
1591127276, 1, 738, 741, 636, 1, 0.60%, 91, 0, 4, 38.10
1591127281, 1, 738, 741, 636, 1, 0.60%, 92, 0, 4, 41.16
1591127286, 1, 740, 742, 636, 0, 0.60%, 92, 0, 4, 41.91
1591127327, 1, 740, 746, 640, 0, 0.60%, 92, 0, 4, 41.67
1591127332, 1, 740, 748, 642, 0, 0.60%, 94, 0, 4, 42.35
1591127337, 1, 740, 748, 642, 0, 0.60%, 95, 0, 4, 42.79
1591127348, 1, 740, 748, 642, 0, 0.60%, 97, 0, 4, 38.60
1591127353, 1, 740, 749, 643, 0, 0.60%, 99, 0, 4, 40.62
1591127363, 1, 741, 749, 642, 0, 0.60%, 99, 0, 4, 42.49
1591127403, 1, 746, 749, 641, 0, 0.60%, 99, 0, 4, 40.71
1591127439, 1, 746, 751, 643, 0, 0.60%, 99, 0, 4, 42.39
1591127449, 1, 746, 751, 643, 0, 0.60%, 100, 0, 4, 40.13
1591127459, 1, 748, 751, 642, 0, 0.60%, 100, 0, 4, 43.76
1591127505, 1, 750, 757, 647, 0, 0.60%, 100, 0, 4, 43.21
1591127540, 1, 750, 758, 648, 0, 0.60%, 100, 0, 5, 41.20
1591127566, 2, 3, 758, 647, 0, 0.60%, 100, 0, 5, 45.14
1591127571, 2, 4, 758, 646, 0, 0.60%, 100, 0, 5, 44.79
1591127576, 2, 4, 759, 647, 0, 0.60%, 100, 0, 5, 44.96
1591127581, 2, 10, 759, 646, 0, 0.60%, 100, 0, 5, 45.41
1591127586, 2, 17, 761, 648, 0, 0.60%, 100, 0, 5, 45.08
1591127591, 2, 17, 762, 649, 0, 0.60%, 100, 0, 5, 45.37
1591127596, 2, 22, 765, 651, 0, 0.60%, 100, 0, 5, 45.26
1591127601, 2, 76, 766, 652, 1, 0.60%, 100, 0, 5, 45.14
1591127612, 2, 274, 766, 651, 1, 0.60%, 100, 0, 5, 46.08
1591127617, 2, 285, 766, 651, 1, 0.60%, 100, 0, 5, 46.07
1591127622, 2, 424, 766, 650, 1, 0.60%, 100, 0, 5, 46.03
1591127627, 2, 424, 767, 651, 1, 0.60%, 100, 0, 5, 46.50
1591127632, 2, 424, 777, 660, 1, 0.60%, 100, 0, 5, 47.56
1591127637, 2, 711, 780, 663, 1, 0.60%, 100, 0, 5, 46.66
1591127642, 2, 711, 781, 664, 1, 0.60%, 100, 0, 5, 46.91
1591127652, 2, 765, 781, 663, 1, 0.60%, 100, 0, 5, 43.92
1591127692, 2, 765, 783, 665, 1, 0.60%, 100, 0, 5, 45.62
1591127697, 2, 765, 785, 667, 1, 0.60%, 100, 0, 5, 46.06
1591127703, 2, 765, 786, 668, 1, 0.60%, 101, 0, 5, 46.10
1591127723, 2, 769, 786, 667, 0, 0.60%, 101, 0, 5, 46.00
1591127753, 2, 769, 790, 671, 0, 0.60%, 102, 0, 5, 46.01
1591127758, 2, 769, 792, 673, 0, 0.60%, 102, 0, 5, 40.70
1591127763, 2, 769, 794, 675, 0, 0.60%, 102, 0, 5, 46.67
1591127768, 2, 769, 795, 676, 0, 0.60%, 104, 0, 5, 48.59
1591127784, 2, 773, 795, 675, 0, 0.60%, 104, 0, 5, 47.93
1591127814, 2, 776, 795, 674, 0, 0.60%, 104, 0, 5, 46.91
1591127860, 2, 776, 797, 675, 0, 0.60%, 104, 0, 5, 46.59
1591127865, 2, 781, 802, 680, 0, 0.60%, 104, 0, 5, 43.09
1591127911, 2, 789, 802, 679, 0, 0.60%, 104, 0, 5, 46.23
1591127956, 2, 792, 802, 678, 0, 0.60%, 104, 0, 5, 46.70
1591127997, 2, 792, 802, 678, 0, 0.60%, 105, 0, 5, 48.06
1591128002, 2, 792, 803, 679, 0, 0.60%, 105, 0, 5, 46.65
1591128007, 2, 795, 803, 678, 0, 0.60%, 105, 0, 5, 47.68
1591128033, 2, 795, 805, 680, 0, 0.60%, 105, 0, 5, 48.90
1591128048, 2, 804, 805, 679, 0, 0.60%, 105, 0, 5, 46.12
1591128089, 2, 804, 808, 682, 0, 0.60%, 105, 0, 5, 47.75
1591128094, 2, 804, 809, 683, 0, 0.60%, 105, 0, 5, 48.07
1591128099, 2, 804, 809, 683, 0, 0.60%, 106, 0, 5, 47.76
1591128119, 2, 804, 809, 682, 0, 0.60%, 106, 0, 5, 40.56
1591128124, 2, 806, 809, 682, 0, 0.60%, 106, 0, 5, 42.24
1591128165, 2, 806, 810, 683, 0, 0.60%, 106, 0, 5, 45.83
1591128170, 2, 809, 810, 682, 0, 0.60%, 106, 0, 5, 45.31
1591128185, 3, 1, 811, 682, 0, 0.60%, 106, 0, 5, 43.86
1591128195, 3, 7, 811, 681, 0, 0.60%, 106, 0, 5, 45.72
1591128200, 3, 10, 813, 682, 0, 0.60%, 106, 0, 5, 46.02
1591128205, 3, 11, 813, 682, 0, 0.60%, 106, 0, 5, 46.39
1591128215, 3, 12, 813, 681, 0, 0.60%, 106, 0, 5, 45.49
1591128220, 3, 16, 813, 680, 0, 0.60%, 106, 0, 5, 43.87
1591128226, 3, 18, 813, 679, 0, 0.60%, 106, 0, 5, 45.84
1591128231, 3, 18, 815, 681, 0, 0.60%, 106, 0, 5, 46.15
1591128236, 3, 19, 816, 681, 0, 0.60%, 106, 0, 5, 45.72
1591128241, 3, 20, 816, 680, 0, 0.60%, 106, 0, 5, 46.60
1591128251, 3, 22, 816, 679, 0, 0.60%, 106, 0, 5, 46.85
1591128256, 3, 26, 816, 679, 0, 0.60%, 106, 0, 5, 45.32
1591128261, 3, 31, 816, 678, 0, 0.60%, 106, 0, 5, 46.54
1591128266, 3, 36, 816, 677, 0, 0.60%, 106, 0, 5, 47.30
1591128276, 3, 45, 816, 676, 0, 0.60%, 106, 0, 5, 46.80
1591128281, 3, 47, 817, 677, 0, 0.60%, 106, 0, 5, 47.21
1591128286, 3, 48, 819, 678, 0, 0.60%, 106, 0, 5, 46.73
1591128296, 3, 49, 819, 677, 0, 0.60%, 106, 0, 5, 46.73
1591128301, 3, 52, 819, 676, 0, 0.60%, 106, 0, 5, 47.14
1591128306, 3, 56, 819, 675, 0, 0.60%, 106, 0, 5, 45.08
1591128317, 3, 57, 819, 674, 0, 0.60%, 106, 0, 5, 44.83
1591128322, 3, 62, 819, 674, 0, 0.60%, 106, 0, 5, 45.17
1591128327, 3, 70, 819, 673, 0, 0.60%, 106, 0, 5, 44.73
1591128337, 3, 71, 819, 672, 0, 0.60%, 106, 0, 5, 44.53
1591128342, 3, 75, 819, 672, 0, 0.60%, 106, 0, 5, 44.03
1591128347, 3, 76, 819, 671, 0, 0.60%, 106, 0, 5, 44.75
1591128357, 3, 81, 819, 671, 0, 0.60%, 106, 0, 5, 45.33
1591128362, 3, 87, 819, 670, 0, 0.60%, 106, 0, 5, 45.24
1591128372, 3, 89, 820, 670, 0, 0.60%, 106, 0, 5, 43.18
1591128378, 3, 91, 820, 669, 0, 0.60%, 106, 0, 5, 43.85
1591128383, 3, 92, 820, 668, 0, 0.60%, 106, 0, 5, 44.70
1591128388, 3, 92, 821, 669, 0, 0.60%, 106, 0, 5, 43.71
1591128393, 3, 95, 821, 669, 0, 0.60%, 106, 0, 5, 43.86
1591128398, 3, 108, 821, 668, 0, 0.60%, 106, 0, 5, 42.88
1591128403, 3, 113, 821, 668, 0, 0.60%, 106, 0, 5, 44.23
1591128413, 3, 115, 821, 667, 0, 0.60%, 106, 0, 5, 44.18
1591128418, 3, 119, 821, 667, 0, 0.60%, 106, 0, 5, 44.92
1591128423, 3, 124, 821, 667, 0, 0.60%, 106, 0, 5, 45.09
1591128433, 3, 130, 822, 667, 0, 0.60%, 106, 0, 5, 45.05
1591128438, 3, 132, 822, 666, 0, 0.60%, 106, 0, 5, 42.76
1591128448, 3, 135, 823, 666, 0, 0.60%, 106, 0, 5, 44.87
1591128453, 3, 136, 823, 666, 0, 0.60%, 106, 0, 5, 45.19
1591128459, 3, 137, 823, 665, 0, 0.60%, 106, 0, 5, 44.96
1591128469, 3, 141, 823, 664, 0, 0.60%, 106, 0, 5, 44.02
1591128474, 3, 143, 823, 664, 0, 0.60%, 106, 0, 5, 44.99
1591128479, 3, 143, 824, 665, 0, 0.60%, 106, 0, 5, 44.70
1591128484, 3, 144, 824, 665, 0, 0.60%, 106, 0, 5, 44.41
1591128489, 3, 147, 824, 664, 0, 0.60%, 106, 0, 5, 42.38
1591128494, 3, 150, 824, 664, 0, 0.60%, 106, 0, 5, 44.71
1591128504, 3, 154, 824, 664, 0, 0.60%, 106, 0, 5, 44.35
1591128509, 3, 156, 824, 663, 0, 0.60%, 106, 0, 5, 44.91
1591128520, 3, 161, 824, 662, 0, 0.60%, 106, 0, 5, 46.18
1591128525, 3, 165, 824, 661, 0, 0.60%, 106, 0, 5, 46.18
1591128530, 3, 166, 824, 661, 0, 0.60%, 106, 0, 5, 44.38
1591128540, 3, 167, 824, 660, 0, 0.60%, 106, 0, 5, 45.00
1591128545, 3, 171, 824, 659, 0, 0.60%, 106, 0, 5, 45.64
1591128550, 3, 171, 825, 660, 0, 0.60%, 106, 0, 5, 44.29
1591128555, 3, 176, 825, 660, 0, 0.60%, 106, 0, 5, 44.30
1591128560, 3, 178, 825, 660, 0, 0.60%, 106, 0, 5, 44.13
1591128565, 3, 182, 826, 661, 0, 0.60%, 106, 0, 5, 43.63
1591128575, 3, 183, 826, 660, 0, 0.60%, 106, 0, 5, 42.89
1591128580, 3, 187, 826, 659, 0, 0.60%, 106, 0, 5, 40.43
1591128590, 3, 190, 826, 658, 0, 0.60%, 106, 0, 5, 42.48
1591128596, 3, 191, 826, 658, 0, 0.60%, 106, 0, 5, 41.38
1591128601, 3, 192, 826, 658, 0, 0.60%, 106, 0, 5, 41.26
