# unix_time, cycles_done, cur_path, paths_total, pending_total, pending_favs, map_size, unique_crashes, unique_hangs, max_depth, execs_per_sec
1591125687, 0, 0, 1, 1, 1, 0.22%, 0, 0, 1, 46.51
1591125692, 0, 0, 19, 19, 1, 0.28%, 0, 0, 2, 57.08
1591125697, 0, 0, 32, 32, 1, 0.29%, 0, 0, 2, 57.61
1591125702, 0, 0, 47, 47, 1, 0.31%, 0, 0, 2, 54.59
1591125707, 0, 0, 54, 54, 1, 0.32%, 0, 0, 2, 54.62
1591125712, 0, 0, 57, 57, 1, 0.32%, 0, 0, 2, 52.84
1591125717, 0, 0, 60, 60, 1, 0.33%, 0, 0, 2, 50.42
1591125727, 0, 0, 61, 61, 1, 0.33%, 0, 0, 2, 49.06
1591125732, 0, 0, 63, 63, 1, 0.33%, 0, 0, 2, 45.07
1591125737, 0, 0, 64, 64, 1, 0.34%, 0, 0, 2, 44.11
1591125742, 0, 0, 66, 66, 1, 0.34%, 0, 0, 2, 44.34
1591125753, 0, 0, 67, 67, 1, 0.34%, 0, 0, 2, 42.05
1591125758, 0, 0, 78, 78, 1, 0.38%, 0, 0, 2, 43.15
1591125803, 0, 0, 79, 79, 1, 0.38%, 0, 0, 2, 42.82
1591125890, 0, 0, 81, 81, 1, 0.38%, 0, 0, 2, 46.65
1591125895, 0, 0, 86, 86, 1, 0.39%, 0, 0, 2, 45.96
1591125900, 0, 0, 88, 88, 1, 0.39%, 0, 0, 2, 46.42
1591125910, 0, 0, 91, 91, 1, 0.39%, 0, 0, 2, 46.49
1591126002, 0, 0, 92, 92, 1, 0.39%, 0, 0, 2, 45.59
1591126073, 0, 0, 93, 93, 1, 0.39%, 0, 0, 2, 45.14
1591126078, 0, 0, 94, 94, 1, 0.40%, 0, 0, 2, 45.11
1591126088, 0, 0, 103, 103, 1, 0.42%, 0, 0, 2, 43.13
1591126093, 0, 0, 118, 118, 1, 0.42%, 1, 0, 2, 42.88
1591126098, 0, 0, 129, 129, 1, 0.44%, 4, 0, 2, 43.39
1591126103, 0, 0, 135, 135, 1, 0.44%, 4, 0, 2, 42.62
1591126108, 0, 0, 142, 142, 1, 0.44%, 4, 0, 2, 43.92
1591126113, 0, 0, 150, 150, 1, 0.45%, 5, 0, 2, 44.42
1591126118, 0, 0, 155, 155, 1, 0.47%, 5, 0, 2, 43.98
1591126123, 0, 0, 164, 164, 1, 0.47%, 5, 0, 2, 49.11
1591126128, 0, 0, 171, 171, 1, 0.47%, 5, 0, 2, 50.41
1591126134, 0, 0, 176, 176, 1, 0.47%, 6, 0, 2, 50.56
1591126139, 0, 0, 180, 180, 1, 0.47%, 7, 0, 2, 50.53
1591126144, 0, 0, 184, 184, 1, 0.47%, 7, 0, 2, 50.34
1591126149, 0, 0, 187, 187, 1, 0.47%, 7, 0, 2, 50.60
1591126154, 0, 0, 188, 188, 1, 0.48%, 8, 0, 2, 50.18
1591126159, 0, 0, 192, 192, 1, 0.48%, 9, 0, 2, 50.27
1591126164, 0, 0, 195, 195, 1, 0.48%, 11, 0, 2, 50.41
1591126169, 0, 0, 197, 197, 1, 0.48%, 11, 0, 2, 50.69
1591126174, 0, 0, 200, 200, 1, 0.48%, 11, 0, 2, 49.74
1591126179, 0, 0, 202, 202, 1, 0.48%, 11, 0, 2, 49.89
1591126184, 0, 0, 205, 205, 1, 0.48%, 11, 0, 2, 50.37
1591126189, 0, 0, 206, 206, 1, 0.48%, 12, 0, 2, 50.15
1591126194, 0, 0, 209, 209, 1, 0.49%, 12, 0, 2, 50.62
1591126199, 0, 0, 214, 214, 1, 0.49%, 12, 0, 2, 48.67
1591126204, 0, 0, 217, 217, 1, 0.49%, 12, 0, 2, 49.64
1591126209, 0, 0, 219, 219, 1, 0.49%, 14, 0, 2, 50.30
1591126214, 0, 0, 221, 221, 1, 0.50%, 14, 0, 2, 50.21
1591126219, 0, 0, 226, 226, 1, 0.50%, 14, 0, 2, 50.45
1591126225, 0, 0, 227, 227, 1, 0.50%, 15, 0, 2, 48.66
1591126230, 0, 0, 228, 228, 1, 0.50%, 15, 0, 2, 49.87
1591126235, 0, 0, 229, 229, 1, 0.50%, 15, 0, 2, 50.07
1591126240, 0, 0, 230, 230, 1, 0.50%, 16, 0, 2, 50.47
1591126245, 0, 0, 233, 233, 1, 0.50%, 16, 0, 2, 50.17
1591126250, 0, 0, 235, 235, 1, 0.50%, 18, 0, 2, 50.47
1591126255, 0, 0, 237, 237, 1, 0.51%, 20, 0, 2, 50.64
1591126260, 0, 0, 239, 239, 1, 0.51%, 20, 0, 2, 49.90
1591126275, 0, 0, 242, 242, 1, 0.51%, 20, 0, 2, 50.54
1591126280, 0, 0, 243, 243, 1, 0.51%, 20, 0, 2, 50.23
1591126286, 0, 0, 244, 244, 1, 0.51%, 20, 0, 2, 50.51
1591126291, 0, 0, 245, 245, 1, 0.51%, 21, 0, 2, 50.36
1591126296, 0, 0, 246, 246, 1, 0.51%, 21, 0, 2, 50.43
1591126306, 0, 0, 248, 248, 1, 0.51%, 21, 0, 2, 51.02
1591126311, 0, 0, 249, 249, 1, 0.52%, 22, 0, 2, 50.88
1591126326, 0, 0, 249, 249, 1, 0.52%, 23, 0, 2, 50.37
1591126331, 0, 0, 250, 250, 1, 0.52%, 23, 0, 2, 50.12
1591126336, 0, 0, 250, 250, 1, 0.52%, 24, 0, 2, 50.31
1591126346, 0, 0, 252, 252, 1, 0.52%, 24, 0, 2, 50.88
1591126351, 0, 0, 254, 254, 1, 0.52%, 24, 0, 2, 50.53
1591126361, 0, 0, 255, 255, 1, 0.52%, 24, 0, 2, 50.72
1591126376, 0, 0, 256, 256, 1, 0.52%, 24, 0, 2, 50.29
1591126381, 0, 0, 258, 258, 1, 0.53%, 24, 0, 2, 50.21
1591126397, 0, 0, 259, 259, 1, 0.53%, 24, 0, 2, 50.73
1591126402, 0, 0, 261, 261, 1, 0.53%, 24, 0, 2, 50.16
1591126407, 0, 0, 262, 262, 1, 0.53%, 24, 0, 2, 50.50
1591126417, 0, 0, 263, 263, 1, 0.53%, 24, 0, 2, 48.50
1591126422, 0, 0, 264, 264, 1, 0.53%, 24, 0, 2, 43.97
1591126432, 0, 0, 265, 265, 1, 0.53%, 24, 0, 2, 42.49
1591126452, 0, 0, 284, 283, 0, 0.58%, 24, 0, 2, 42.97
1591126457, 0, 0, 307, 306, 0, 0.59%, 24, 0, 2, 42.59
1591126462, 0, 0, 328, 327, 0, 0.59%, 24, 0, 2, 42.96
1591126468, 0, 0, 348, 347, 0, 0.59%, 24, 0, 2, 40.94
1591126473, 0, 0, 367, 366, 0, 0.59%, 24, 0, 2, 39.94
1591126478, 0, 0, 386, 385, 0, 0.59%, 24, 0, 2, 42.09
1591126483, 0, 0, 404, 403, 0, 0.59%, 24, 0, 2, 42.66
1591126488, 0, 0, 424, 423, 0, 0.59%, 24, 0, 2, 42.96
1591126493, 0, 0, 436, 435, 0, 0.59%, 24, 0, 2, 42.54
1591126498, 0, 0, 442, 441, 0, 0.59%, 24, 0, 2, 43.06
1591126503, 0, 0, 444, 443, 0, 0.59%, 24, 0, 2, 39.39
1591126508, 0, 0, 448, 447, 0, 0.59%, 24, 0, 2, 39.51
1591126513, 0, 0, 449, 448, 0, 0.59%, 24, 0, 2, 41.94
1591126523, 0, 11, 450, 449, 41, 0.59%, 24, 0, 2, 42.03
1591126956, 0, 75, 450, 448, 40, 0.59%, 25, 0, 2, 43.14
1591127215, 0, 75, 450, 448, 40, 0.59%, 25, 1, 2, 42.47
1591127389, 0, 92, 450, 447, 40, 0.59%, 25, 1, 2, 43.71
1591127807, 0, 96, 450, 446, 40, 0.59%, 25, 1, 2, 44.01
1591127842, 0, 105, 450, 445, 39, 0.59%, 25, 1, 2, 43.78
1591127919, 0, 105, 455, 449, 38, 0.60%, 25, 1, 2, 41.71
1591127924, 0, 105, 479, 473, 38, 0.60%, 25, 1, 2, 42.67
1591127929, 0, 105, 501, 495, 38, 0.60%, 25, 1, 2, 41.20
1591127934, 0, 105, 523, 517, 38, 0.60%, 25, 1, 2, 41.65
1591127939, 0, 105, 543, 537, 38, 0.60%, 25, 1, 2, 41.79
1591127944, 0, 105, 564, 558, 38, 0.60%, 25, 1, 2, 43.00
1591127949, 0, 105, 581, 575, 38, 0.60%, 25, 1, 2, 42.89
1591127954, 0, 105, 584, 578, 38, 0.60%, 25, 1, 2, 42.44
1591127964, 0, 121, 584, 578, 39, 0.60%, 25, 1, 2, 41.32
1591128152, 0, 131, 584, 577, 38, 0.60%, 25, 1, 2, 45.16
1591128340, 0, 149, 584, 576, 37, 0.60%, 25, 1, 2, 44.55
1591128594, 0, 149, 584, 576, 37, 0.60%, 26, 1, 2, 40.89
1591128599, 0, 149, 584, 576, 37, 0.60%, 27, 1, 2, 39.65
1591128604, 0, 150, 584, 575, 36, 0.60%, 27, 1, 2, 41.11
